x1,x2,x3,x4,x5,x6,x7,x8,x9,x10,x11,x12,x13,x14,x15,x16,x17,x18,x19,x20,x21,x22,x23,x24,x25,x26,x27,x28,x29,x30,x31,x32,x33,x34,x35,x36,x37,x38,x39,x40,x41,x42,x43,x44,x45,x46,x47,x48,x49,x50,x51,x52,x53,x54,x55,x56,x57,x58,x59,x60,x61,x62,x63,x64,x65,x66,x67,x68,x69,x70,x71,x72,x73,x74,x75,x76,x77,x78,x79,x80,x81,x82,x83,x84,x85,x86,x87,x88,x89,x90,x91,x92,x93,x94,x95,x96,x97,x98,x99,x100,x101
0.03760468907174143,0.03901518490604135,0.040431480722185886,0.041861200978445624,0.043313325658836506,0.04479823847911297,0.04632779749902666,0.04791543436427614,0.04957628901001582,0.05132738750907422,0.0531878719165501,0.05517929254008589,0.05732597516338285,0.059655478508276204,0.06219916081793618,0.06499287911207546,0.06807785070926939,0.07150171443319545,0.0753198390539843,0.07959693967569414,0.08440907992520714,0.08984616021773253,0.0960150218195823,0.10304333528205109,0.11108449333764543,0.12032379701112496,0.13098631569133162,0.14334692583621375,0.15774320086054266,0.17459205347374218,0.19441134517101688,0.21784810969703555,0.24571563669952545,0.27904249847210033,0.3191377781241665,0.36767841979134963,0.4268269881757924,0.49939151766795215,0.5890440301787554,0.7006214255026163,0.840542887149281,1.0173933588779367,1.2427455799069569,1.531807602853202,1.8958835280793238,2.3360789209329322,2.841037769288135,3.3808457596701254,3.902813305498442,4.338425654740782,4.658725334585712,4.873330475271831,5.008039695981991,5.098614038086901,5.1858890045519805,5.282749825992704,5.335846294643151,5.28202056529268,5.065209901369495,4.650958457994469,4.056051832250827,3.3842070729228015,2.732923352070348,2.16092560427497,1.6924431767107149,1.3241043335617013,1.0359297790808821,0.8104727701478791,0.6340836265311106,0.496083348193778,0.38811708433709874,0.3036483117258153,0.23756309870105016,0.18586049612357142,0.1454103108108152,0.11376359652047831,0.089004389173698,0.06963371003093334,0.05447881410892277,0.04262218953142257,0.03334600927289582,0.026088672277342344,0.020410802852735686,0.015968649867055672,0.012493275272728416,0.009774271985396458,0.007647025360359472,0.005982747047488571,0.004680677851518286,0.0036619875411397574,0.002865002287459906,0.0022414707900933403,0.001753643033666155,0.0013719848160045724,0.001073389680345544,0.000839779997877518,0.0006570125069659116,0.0005140220479180668,0.0004021516530424166,0.0003146284341299823,0.00024615353639400233
0.05556207866179952,0.05906263337319691,0.06239099651596351,0.06552822561388974,0.0684628289076645,0.07119078713619516,0.07371533569816818,0.07604656026745811,0.07820086420552319,0.08020036719254546,0.08207229227078115,0.08384839399951953,0.08556447474294365,0.08726003027925859,0.08897806086899604,0.09076508046769205,0.09267135563361162,0.09475140752436981,0.09706481587444464,0.0996773737781694,0.10266265748236918,0.10610409761517878,0.11009766933468992,0.1147553616455747,0.12020964475693156,0.1266192348564486,0.13417656678173084,0.14311753948270708,0.15373431547596259,0.16639226105174193,0.18155254937111098,0.1998025744070179,0.22189723129771047,0.24881544700794755,0.28183830739736354,0.3226580531176557,0.37353162386606237,0.43749913496935333,0.5186979761061555,0.6228192342524735,0.7577782975332594,0.9347114658436608,1.1694746525712516,1.4842050915146223,1.897528079058718,2.4144980497693855,3.020710237513021,3.670574504583548,4.279578478134645,4.738308454308857,5.007981138497746,5.118196350039699,5.123983046146125,5.0904536679662655,5.083520163658352,5.128264010693991,5.16382322026602,5.117155618039165,4.920432199455664,4.526435638623955,3.9434943183119024,3.278001348215497,2.6319394881761906,2.066414433808736,1.6060706081243634,1.2468574536691757,0.9679857796451224,0.7514864404409981,0.5834092628651236,0.4529241642698017,0.35162331426150745,0.27297937466325295,0.21192490932532598,0.1645258629812281,0.12772806970116266,0.09916045717047242,0.07698226622591471,0.05976444121359198,0.04639754853528221,0.03602029009842528,0.0279640054212796,0.021709586376583368,0.016854028367613207,0.013084462655755798,0.010157996608030687,0.007886062867348423,0.006122268981523943,0.0047529645797425735,0.003689918290826917,0.0028646325392385906,0.0022239298916902385,0.0017265265598316304,0.0013403722720496804,0.0010405851085516036,0.0008078482304647534,0.0006271651959092659,0.0004868936616146608,0.00037799520647320594,0.0002934529392781467,0.00022781936409843874,0.00017686536991548885
0.041272269944753824,0.04589858330259927,0.05052290347493455,0.055082715292858644,0.05952101456794644,0.06378861615184055,0.06784593490683272,0.0716641910856058,0.07522604355327236,0.07852569893023913,0.08156857906587787,0.08437065201430191,0.08695754319424089,0.08936354520725233,0.09163063920273455,0.0938076304384777,0.0959494885764396,0.0981169718815665,0.10037660617866316,0.10280108620248576,0.1054701707092533,0.10847215528154487,0.11190603034415714,0.1158844694080822,0.12053784808859071,0.12601957406289693,0.1325131208700111,0.14024131780988666,0.14947867440498255,0.1605678413904729,0.17394177705584932,0.19015386815507898,0.20991925638398512,0.2341721118940766,0.26414583662634744,0.301486587585104,0.34841574838196904,0.40796512344034286,0.48432144859412507,0.5833372342011615,0.7132979063818808,0.8860890736206425,1.1189969928216035,1.4367139590722207,1.8605463336583392,2.3964065712629,3.026833727549881,3.696433482904298,4.303300874925165,4.7196567419009,4.912720928068181,4.936019248127334,4.869048178485907,4.796154706615915,4.798075234841252,4.906841305597409,5.051033487146717,5.138843466465087,5.073656550760185,4.773214009015177,4.221973844130734,3.53956807261731,2.8523477871041045,2.2405757167539218,1.7398167419701367,1.3492195445640005,1.0463132900837084,0.8114109415451488,0.6292452961258984,0.4879767112119213,0.3784236007027048,0.29346568858407784,0.2275812349340913,0.17648815690863046,0.13686571978584267,0.1061387097050067,0.0823100606599738,0.06383105753478914,0.04950067917992541,0.03838753945034411,0.02976935285464389,0.023085990456112714,0.017903074948993687,0.013883748814615708,0.010766780661786697,0.008349586798703025,0.006475064543342038,0.005021381518778611,0.003894057300642335,0.003019822772672778,0.0023418580863843103,0.0018160997216103323,0.00140837662965538,0.001092189326035829,0.0008469875875450236,0.0006568348145821409,0.0005093722505398841,0.0003950157389040457,0.00030633281223412743,0.00023755962765337795,0.00018422635263661943
0.05852714639823666,0.0615384521123723,0.06445466222451696,0.0672749059612739,0.07000278194279803,0.07264628005313628,0.07521765445408318,0.0777332741572612,0.08021347791083198,0.08268245987074019,0.08516821197588643,0.08770254851379343,0.09032123843304705,0.09306427191399905,0.09597628995554262,0.0991072097084648,0.1025130844932907,0.10625724650514662,0.11041179293528468,0.11505949369767444,0.1202962225984417,0.12623404563299367,0.13300514292776283,0.14076679855644736,0.14970777052028852,0.16005645930626097,0.17209143857619522,0.18615511132593698,0.20267153174617444,0.22216981950117762,0.2453151365383061,0.27294996629578994,0.3061495339762321,0.34629678745413245,0.3951846513642786,0.4551566204385801,0.5293017047641975,0.621727100401451,0.737943011179822,0.8854107975645981,1.0743312567985304,1.3187894373828737,1.638434196134236,2.0599139005943767,2.601407420170281,3.257668701451651,3.992893593349191,4.728178739613912,5.339104349665339,5.686764030948258,5.750260177108507,5.603647040647624,5.342900081414814,5.060207765667164,4.832629647420117,4.681959108093289,4.541150201704077,4.341100007072243,4.026529770920615,3.567473560261624,2.985145560306921,2.377318785756246,1.8253509655989386,1.3688704407244825,1.0156639784417587,0.752690377416331,0.5578053532274868,0.4133795534324176,0.30634818078967924,0.2270291481373171,0.16824723414741496,0.1246850108477421,0.0924018276370603,0.06847733895692736,0.05074732903595962,0.037607936340864866,0.02787056782468944,0.020654378475603172,0.01530658983687978,0.01134343948965664,0.008406419772578926,0.00622984708097076,0.004616828055491406,0.0034214485551467264,0.002535574224297083,0.0018790686293525308,0.0013925440951331797,0.0010319894795744993,0.0007647889138121644,0.0005667713617886403,0.00042002410173880387,0.0003112723364933879,0.00023067835170636241,0.00017095159353197,0.00012668916313534565,9.388706899027879e-5,6.957802471367107e-5,5.156302752999424e-5,3.8212435880441705e-5,2.8318551603035284e-5,2.0986371227494256e-5
0.09726017307163676,0.09463810632507758,0.09240034138474613,0.0905327325932674,0.08902463262218552,0.08786891171273656,0.08706203012304682,0.0866041703727573,0.08649943757604206,0.08675613828317366,0.08738715091285526,0.08841040419249872,0.08984948421246854,0.0917343959743479,0.09410251198076537,0.09699974887204103,0.10048202388720189,0.10461705670086247,0.10948659987270688,0.1151892039449317,0.12184365273870072,0.12959324277200376,0.13861113082007154,0.1491070393337485,0.1613356959554228,0.17560749784200844,0.19230204363629708,0.21188537905004357,0.234932074505837,0.2621536205733516,0.294435124437121,0.33288296787564453,0.37888701383536805,0.43420222302973494,0.5010563038258616,0.5822924675700621,0.6815597839992197,0.8035684412234878,0.9544340126767787,1.1421444966681156,1.377197711271194,1.6734765021542428,2.0494579836859854,2.5287689744455015,3.1226281596314864,3.815033512507211,4.558477907497733,5.26576176141392,5.812980379184272,6.073037827797714,6.037529339973077,5.786287413349579,5.416175903243545,5.016514386533156,4.65771173783373,4.357936696915643,4.063149255552728,3.725145306951795,3.313960127514949,2.8229292517271936,2.2807629725690104,1.7605915527763991,1.3140608616680889,0.9596898950340108,0.6940332670403511,0.5013592878718993,0.36217447703526856,0.26162944417075396,0.18899721100565603,0.13652876831632033,0.0986263473349012,0.07124620333560726,0.051467195398631774,0.03717913486173236,0.026857652886670164,0.01940156814469924,0.014015403656520969,0.010124518708498776,0.00731380141385002,0.005283381132609517,0.0038166357838966946,0.0027570808051332247,0.001991674080641028,0.001438755670893583,0.0010393356526797795,0.0007508005846888516,0.0005423671520511177,0.0003917979469154881,0.00028302899728839775,0.00020445592922760942,0.00014769591595496535,0.0001066933283479971,7.707367018492567e-5,5.567687059493843e-5,4.022014148032381e-5,2.9054430743173307e-5,2.0988487726300708e-5,1.5161770709982998e-5,1.0952637181860258e-5,7.91202185629162e-6,5.715526664036181e-6
0.135009563666323,0.12405087261315276,0.11496219126497417,0.10744645997640687,0.10126818055593213,0.09624089866219661,0.09221764929552394,0.08908366781352638,0.08675085133997718,0.0851535902645599,0.08424569022325448,0.08399818117789923,0.08439786899573698,0.08544653142548676,0.08716069845786295,0.08957198974702055,0.09272801148530696,0.09669384394760061,0.10155418077545934,0.10741621387100457,0.11441339558351457,0.12271025506795935,0.13250850112624016,0.14405471305315576,0.15765000849922,0.17366218892712126,0.1925410064088701,0.21483738013965953,0.24122763008116227,0.27254410567475806,0.30981399218516975,0.354308605938243,0.40760618238765917,0.47167207076101525,0.5489614470464536,0.6425512384317253,0.756310044677042,0.8951176169928114,1.0651491441796619,1.2742445114970655,1.532389262671836,1.8523427826892656,2.250461006892974,2.746701777498215,3.347367123598895,4.031757043674118,4.7499422173390835,5.417377039693071,5.919709010876401,6.14365512969971,6.083892950284161,5.8136555496572555,5.4216959674351575,4.9905025839496435,4.585267435135065,4.224491928408071,3.8652970153328687,3.4722594215473603,3.0275038168129487,2.5329277866824653,2.017099794489142,1.5396389225838454,1.1389748755897011,0.8257148111093676,0.5931698852670058,0.4256780205603425,0.30548040567940554,0.21922268415741686,0.15732133503717685,0.1128989116842833,0.08101993449574726,0.05814254263186998,0.04172498144732841,0.0299432050607572,0.02148821876511499,0.015420645343760758,0.01106635712421639,0.007941578142204286,0.005699135016230812,0.004089884825362038,0.0029350344985842034,0.0021062763074549094,0.001511532448932348,0.0010847248939224582,0.0007784338975495919,0.0005586295071214306,0.00040089072072667717,0.00028769223235789446,0.00020645731188050716,0.0001481604883092537,0.00010632478983714345,7.630213063496408e-5,5.475689299130176e-5,3.92953290440221e-5,2.8199607397798466e-5,2.0236956318627468e-5,1.4522698676791073e-5,1.0421961362971092e-5,7.479138765362187e-6,5.367273464502353e-6,3.851730171950619e-6
0.1462783289361381,0.13123943638466898,0.1190242507725148,0.10909832253596516,0.10105015639686528,0.09456207438425214,0.08938874879217729,0.08534132403296314,0.08227565120928965,0.0800835833661804,0.07868657955745297,0.07803108056005366,0.07808527462360694,0.07883698623890252,0.08029250727178579,0.082476256976497,0.0854312119444532,0.089220093891267,0.09392734621413029,0.0996619727087674,0.1065613566591547,0.11479622859316488,0.1245770094060011,0.13616182576920816,0.14986658088512236,0.166077570743067,0.1852672703369229,0.2080140836781618,0.23502706584451502,0.26717689740423645,0.30553473748145527,0.3514210220568243,0.4064668350812283,0.47269119511287333,0.5525985121771241,0.6493016328129957,0.766677375076016,0.9095633476701916,1.0840072601495336,1.297583005878375,1.5597917152377312,1.8825709593088547,2.28094161817702,2.7728334671793506,3.362928124693058,4.0305724017959355,4.7282712762987,5.377194364426378,5.871620099453688,6.106281303738022,6.072344412952836,5.832427362821075,5.46546088101196,5.04730913120851,4.639856508712009,4.263047673760593,3.8811618596974844,3.465629382073716,3.004236693074531,2.5024805642140873,1.988869974753004,1.5183085806808088,1.1251358478207971,0.8179268650612364,0.5894645064852249,0.42440115458314953,0.3055592627374329,0.21999578002173217,0.1583920015835321,0.11403867002884971,0.08210527130115465,0.05911394418867555,0.042560707030910194,0.030642749487150345,0.02206208875830726,0.015884206493400152,0.011436270549404414,0.008233856953038028,0.0059281913653768436,0.004268164125873205,0.0030729819404594957,0.002212477713578615,0.0015929340711810782,0.001146876616906248,0.0008257253066544529,0.0005945036039611977,0.0004280291911541916,0.0003081713672707515,0.00022187643639312658,0.00015974603176959547,0.00011501354123480549,8.280715658996443e-5,5.961928577188971e-5,4.292454157737646e-5,3.090470215758047e-5,2.2250688775023404e-5,1.6019994253253574e-5,1.1534034675023566e-5,8.304244919290607e-6,5.978869114109291e-6,4.3046509623783716e-6
0.13595877756678518,0.12186241188114187,0.11044431421402205,0.1011921674957122,0.09371287093183514,0.08770397211683578,0.0829327040080921,0.07922053988239432,0.07643179269178318,0.07446521319253857,0.07324784268834181,0.07273059089518825,0.07288516430764494,0.0737020840850735,0.07518961779926182,0.0773735155212674,0.08029749427400884,0.08402446076107926,0.08863850434691743,0.09424773370217639,0.10098807420798965,0.10902819192687348,0.11857576664011421,0.1298854044259542,0.143268563391174,0.15910596917139747,0.1778631254833118,0.200109686581983,0.22654366203903795,0.25802168126708497,0.2955968701287682,0.34056630304034535,0.3945305142469937,0.4594682104609436,0.5378301603912762,0.6326572908310624,0.7477293515655563,0.88775219456382,1.0585938367094383,1.267582151611298,1.5238804034348465,1.8389610652127735,2.2272036656947813,2.705724122513458,3.27937636239099,3.929581256373518,4.612895395949262,5.256519968942433,5.76163136170633,6.0274602122301575,6.039617311741798,5.849921802029189,5.527808034979053,5.142979339651528,4.754645447704896,4.38382417138627,3.998873057091126,3.574724318126284,3.1019792079445803,2.5881982892830417,2.0629280123147713,1.5811472939387528,1.1773593825470383,0.8604804693512267,0.6236068562212139,0.45151085491205845,0.32690797105524594,0.236691588644691,0.17137210804101166,0.12407876250518826,0.08983690217041895,0.06504472504905882,0.04709441392671657,0.03409782763211191,0.024687892942853604,0.017874806117672074,0.012941918311293342,0.009370353360677649,0.0067844287061636,0.004912138432492156,0.0035565417553942882,0.0025750473916195528,0.0018644147953639223,0.0013498945846529289,0.0009773658706240945,0.0007076434381773574,0.0005123559668353397,0.000370961733818809,0.00026858788979827145,0.00019446602700407843,0.00014079948164138863,0.00010194322543581317,7.381008147974705e-5,5.344080594621841e-5,3.86928138125011e-5,2.8014806555042392e-5,2.028359555651857e-5,1.4685957152410418e-5,1.0633091992071522e-5,7.69869094254427e-6,5.57409286715542e-6
0.11972332713760747,0.10854167403513496,0.09941315949128372,0.09197150944279933,0.08593246739268912,0.0810752381622935,0.07722868164405218,0.07426101818098473,0.07207215725749552,0.07058801035084962,0.06975632789598704,0.06954373059075863,0.06993370147355749,0.07092537771241099,0.07253303725688146,0.07478622080757065,0.07773046799323106,0.08142868137067266,0.08596316549875711,0.09143842322081266,0.09798482968581018,0.10576334892057086,0.11497151059348261,0.1258509291146668,0.1386967272077229,0.1538693263013744,0.17180919249584542,0.19305528704462532,0.21826817394543502,0.24825899676649457,0.2840258681737064,0.3267996392427526,0.37810155785768024,0.4398160201764254,0.5142825098443599,0.6044119623978736,0.7138342591863607,0.8470854387904277,1.0098456333318406,1.2092418450158138,1.4542336706129255,1.756105209295282,2.1290929732525026,2.590316113965594,3.145727971034819,3.7795083907679907,4.452390590670263,5.0967464702119285,5.618659021907365,5.919511091068441,5.97994046211351,5.84344098418224,5.572125895667416,5.230862559469063,4.8767653323985956,4.5309042999526055,4.16204764502584,3.7449521704763593,3.270020803626122,2.745160308253683,2.201546257445935,1.6979061481866096,1.2722303661942713,0.9356739558121938,0.6823801712150904,0.497183021761708,0.3622481536764744,0.2639344448590364,0.19230295717466284,0.14011216822370817,0.10208589598816213,0.07437990783974212,0.05419329121517495,0.03948529781806921,0.028769035960396747,0.020961154551855748,0.015272322671903796,0.011127432852886294,0.00810746109517985,0.005907106003592303,0.0043039246106801295,0.003135844700121043,0.002284780258203295,0.0016646936718753948,0.0012128978317421232,0.0008837188337403976,0.0006438786158812507,0.0004691307417704562,0.0003418092283945148,0.00024904261906762794,0.00018145275481116626,0.0001322066975999007,9.632596048740723e-5,7.018321183622477e-5,5.113557340850347e-5,3.7257440909348575e-5,2.714581671010982e-5,1.9778475034069693e-5,1.441062093842361e-5,1.0499595923002909e-5,7.650018345316266e-6
0.1049792372575489,0.09686479206467032,0.09015233958282763,0.08462427830386125,0.08010844289216085,0.07646898924487466,0.07359944981706189,0.07141745265477106,0.06986073075349317,0.06888414697493402,0.06845753364192324,0.06856420215567507,0.06920002168141537,0.07037300092584772,0.07210333616285455,0.07442391420768865,0.07738128285243664,0.0810371249866797,0.0854702977821912,0.09077952650099386,0.09708687543657873,0.10454215824948318,0.11332849897926982,0.12366931638738513,0.13583708192918267,0.15016430061469574,0.16705729084160487,0.18701350250813462,0.21064332352082316,0.23869759789472925,0.27210243335649226,0.31200333826474586,0.35982133058097454,0.41732445041199145,0.48671914189703314,0.5707673292577601,0.6729368014594715,0.7975948814781836,0.9502584787690409,1.1379177607292632,1.3694561711835813,1.6561968290387088,2.0126150749650322,2.456426809502503,2.9951566653476887,3.6157199829816595,4.282311908844603,4.930815989230012,5.469719016613032,5.800271567358818,5.899688480123973,5.8070426995811895,5.580727903284498,5.28325132176547,4.970922670002976,4.664166512250331,4.3286632254577,3.9352792124760616,3.4708719634286456,2.941319568314786,2.3790499941679863,1.8490593321119964,1.3954471644879989,1.0332861789924621,0.758573560435734,0.5563582963635142,0.40804817103658464,0.2992735274635177,0.21949527187667936,0.1609837488285382,0.11806982066315407,0.08659558901362895,0.06351153914268184,0.04658107474316684,0.03416381579658997,0.025056663381399228,0.018377232319330694,0.013478357536197753,0.009885390722436868,0.007250212013800613,0.005317500918375506,0.003899998505299152,0.0028603640271645347,0.0020978680778415575,0.001538632995741236,0.0011284749125023148,0.0008276539185575049,0.0006070236930519161,0.0004452075386395757,0.00032652720928399976,0.0002394838567392561,0.00017564391575351294,0.00012882198224666431,9.448151414050895e-5,6.929528919366068e-5,5.082303292993325e-5,3.727498227157096e-5,2.7338476734779828e-5,2.005077573834615e-5,1.4705779389602426e-5,1.0785614994539522e-5
0.09386581478712527,0.08823750144501494,0.0835198086120201,0.07959838487211361,0.07638101640764877,0.07379398429076746,0.071779225837798,0.07029214575532441,0.06929996064854142,0.06878049028055866,0.06872133292223219,0.06911938188567349,0.06998065721629532,0.07132044161363532,0.07316372390223277,0.07554596764185269,0.07851423760345123,0.08212873374325988,0.08646480199993076,0.09161551492281642,0.09769494429838932,0.10484228445014837,0.11322703115389948,0.1230554802688333,0.1345788863452589,0.14810372006001224,0.16400459155168878,0.18274057417707532,0.20487588272663865,0.23110614895811757,0.26229191865357143,0.29950149966668127,0.34406596216980656,0.3976499884563091,0.46234346927142106,0.5407803550337285,0.6362934422935465,0.7531167135517,0.8966508360042107,1.0738128559150928,1.2934985489376534,1.5671960697214558,1.9098035619646818,2.339886719487224,2.866527401061944,3.478806701433344,4.143196012898843,4.797220599648161,5.349472677164072,5.699339051042673,5.8222022558249655,5.7563089310505,5.559776304551721,5.295285370452739,5.0198167511662435,4.75321978828854,4.4565407061344064,4.09493335223204,3.6497557961729803,3.123041935584436,2.5473943670231005,1.9943604734199947,1.5148148519019629,1.1282965008599761,0.8330091123932138,0.6143897918000467,0.45314608286052144,0.33422002636180353,0.24650555360900445,0.181811331360204,0.13409580322640782,0.0989029908554502,0.07294636643950475,0.05380193592429944,0.03968187108542256,0.029267550800693584,0.021586419854729443,0.01592116557062967,0.011742730607172312,0.008660906232078582,0.0063878921581528615,0.004711419928904802,0.0034749299451072857,0.0025629509374279513,0.001890316527650174,0.0013942118526441211,0.0010283075144402912,0.0007584330474948846,0.0005593858641064886,0.00041257767708793505,0.0003042986077296939,0.0002244368704574739,0.00016553447022501567,0.00012209072768134453,9.004859087957898e-5,6.641576205984709e-5,4.898525792468068e-5,3.612930755481292e-5,2.6647340846858903e-5,1.9653871670011632e-5,1.4495805560531888e-5
0.08713137424729332,0.08310947267174179,0.07971015863819822,0.07687330578534553,0.07455001447729448,0.07270122871956629,0.07129665705680265,0.07031395625908914,0.06973814739723548,0.06956124326515649,0.06978207450613655,0.07040630966419421,0.07144667211393925,0.07292336481633915,0.0748647225280924,0.07730812093019453,0.08030118369305658,0.08390334243917874,0.0881878217500882,0.09324414287601729,0.09918126705088351,0.10613153412794217,0.11425559705442502,0.12374861070663772,0.13484800908746358,0.1478433035736785,0.16308846449189565,0.18101761919702292,0.20216502612247841,0.2271905851545396,0.2569125463738268,0.292349617684852,0.33477539668466233,0.3857890318725232,0.4474073482196149,0.5221854850606725,0.6133755763508149,0.7251364163820421,0.8628117680282029,1.0333015105053531,1.2455589378915606,1.5112602798446617,1.8457104634426365,2.2682313033361994,2.789026350645378,3.3984270472616624,4.0638766868490706,4.72299522519008,5.283066611212596,5.641025530153424,5.771718154255133,5.714777482024621,5.5300779568477365,5.281915652066933,5.028690046651986,4.79004734770056,4.5230614876576265,4.187943415764054,3.7610804905655923,3.2406776999262523,2.6587257093265957,2.091496869399875,1.5950052852344343,1.1922396113212763,0.8831456339676012,0.6535187902821663,0.48359726054823565,0.35785705612042606,0.2648105832320037,0.19595713928881142,0.14500629079696753,0.1073031809252139,0.079403262943886,0.05875760729339563,0.04348003201436111,0.03217478163346453,0.023809011290957707,0.01761842629145802,0.013037456330890458,0.009647585134336618,0.007139114913370202,0.005282872453222398,0.003909271904945581,0.0028928214644809353,0.002140658472687668,0.0015840655059270086,0.0011721923693494758,0.0008674104357553325,0.0006418749035832844,0.0004749809027733011,0.00035148103896862705,0.0002600923953640054,0.00019246572823583894,0.0001424226821145967,0.00010539133676755265,7.798851770474615e-5,5.7710710200006234e-5,4.270533880895166e-5,3.160151653769036e-5,2.3384800948414036e-5,1.7304514950880083e-5
0.08461629121753886,0.08132669146173964,0.07853857862427764,0.07621275460765276,0.0743174577395328,0.0728276791513014,0.07172464546440198,0.07099545387020872,0.0706328507280722,0.07063514962258408,0.07100628961979354,0.07175603945931439,0.0729003588513918,0.07446193418222025,0.07647091309046933,0.0789658709553382,0.08199505282655316,0.08561794735902589,0.08990726570444346,0.09495141911897154,0.10085761566495356,0.10775573065602694,0.1158031498653824,0.12519084225053714,0.1361509944215426,0.1489666381860372,0.16398383321365412,0.18162713999513877,0.2024193485866467,0.2270067363401706,0.25619154072705486,0.29097388987226114,0.33260618682414234,0.3826639681688206,0.44313865735989993,0.5165595543575067,0.6061550525738882,0.7160667452092196,0.8516351945538762,1.019783290001938,1.2295331781473609,1.4927069634939656,1.8248815730169825,2.2458409964191466,2.7663004191122704,3.3769167891417173,4.045053827883826,4.707533614751727,5.26999232655629,5.627430065358565,5.755055418494043,5.694600616722713,5.508146709681492,5.261751160155026,5.015053654590816,4.787678224882868,4.534431143115842,4.212780205839557,3.796317873123388,3.2809813560915075,2.698132503684366,2.126176513108097,1.6235198934430255,1.2147417214384968,0.9005743812533018,0.6669690209527844,0.49395994841829155,0.3658287311348364,0.2709342345513303,0.20065498744236118,0.1486058934271224,0.11005812435944004,0.08150949103144542,0.060366257982983895,0.04470749426545089,0.033110550666545155,0.024521807438648166,0.018160949544874596,0.013450072520007647,0.009961177985020057,0.007377288613250677,0.0054636497174373605,0.004046401028859832,0.002996780930904464,0.002219428050699944,0.0016437173706744961,0.0012173437178127971,0.0009015696699063158,0.0006677061357456151,0.0004945058586084302,0.00036623303442463045,0.0002712336631992857,0.00020087674550735684,0.0001487701283449453,0.00011017975740233706,8.159957295385546e-5,6.0432973018239244e-5,4.475690368978424e-5,3.3147143485594255e-5,2.454890822810335e-5,1.8181020498908195e-5
0.08522273032447059,0.08198768442989723,0.0792449852488626,0.0769573846434772,0.07509473796866785,0.0736333839362059,0.07255567924627711,0.07184967633311538,0.07150893717759728,0.07153248061169036,0.0719248650654415,0.07269641348893707,0.07386359244476538,0.07544956337080169,0.07748493107477532,0.08000872303020622,0.08306964348915064,0.08672765944027101,0.09105599183592687,0.0961436063521226,0.10209832463014032,0.10905071132670817,0.11715893682944907,0.12661487345872816,0.13765175877813393,0.1505538592059869,0.1656686984834335,0.18342258961324467,0.20434044051262568,0.22907111320714607,0.2584200319827869,0.29339129628738486,0.335242313169615,0.3855549967560253,0.4463289939049899,0.5201043338399285,0.6101235747010845,0.7205472291958481,0.8567414198596371,1.0256639516877564,1.236385175479875,1.5007944237500044,1.8345632893256927,2.257599352248631,2.780597035689407,3.3939088432260887,4.0642874816853904,4.727613754804021,5.288397254422725,5.64082946194872,5.76089999605364,5.692024329005789,5.49783908527878,5.245489077179738,4.9951901489463255,4.76653514331388,4.513718397531802,4.193614966385689,3.779258706167277,3.266105517645104,2.6852461033235304,2.1151111735594563,1.614152338349906,1.206938403063844,0.8941646203519732,0.6617566560911938,0.4897553111737052,0.3624599202970445,0.2682506770715613,0.1985279522502235,0.14692730044499594,0.10873849939702787,0.08047559041312335,0.05955867230330584,0.04407840226238482,0.03262170681223811,0.024142793311992566,0.017867687679877217,0.013223584317687508,0.009786559141837027,0.007242872850182186,0.005360332100752952,0.003967094387089769,0.0029359818720687955,0.002172872312080313,0.001608107369300072,0.0011901340436895457,0.0008807988004963414,0.0006518648307468865,0.00048243453252344923,0.0003570419313839174,0.00026424091181773303,0.00019556039036543294,0.0001447310562804151,0.00010711309490077242,7.927265504780542e-5,5.866839945339898e-5,4.34195258421444e-5,3.21340831166551e-5,2.3781910965637998e-5,1.7600604539558002e-5
0.08731347686849802,0.0837371425881854,0.08070757697918407,0.07817896953319341,0.07611411095351861,0.07448351514880772,0.07326474487505846,0.07244192033880549,0.07200539651082463,0.07195160084527535,0.07228302881726249,0.07300840044582527,0.07414298703350664,0.07570912402611489,0.07773693352590581,0.08026528899213041,0.08334306554818173,0.08703073273045946,0.09140236329055952,0.09654815287260425,0.10257757243861022,0.10962331005804614,0.11784620356622877,0.12744142389846286,0.13864624499274622,0.15174983589815177,0.16710564205538878,0.18514709637092955,0.2064076313039574,0.2315462706989814,0.2613804919323073,0.2969286028680628,0.33946462640798153,0.3905897007283102,0.45232538706615977,0.5272361714083668,0.6185910520560208,0.7305777054111892,0.8685877207138486,1.039598366900194,1.2526861280855472,1.5197210109076202,1.8563101154611623,2.282215450671913,2.80780118229092,3.4228976047662822,4.093653408295812,4.755427931092392,5.312528515690133,5.659474301436069,5.772975819278601,5.697116611537844,5.495968811229297,5.236839285945711,4.979844344270998,4.744511718883149,4.485539434158878,4.160564280917872,3.743442762344775,3.230268061651023,2.652152814870765,2.086454619126731,1.5904584055689326,1.187931156343598,0.8791518841142147,0.6499595800792288,0.4805170339393649,0.3552476599817781,0.26263564246185234,0.19416730484554992,0.14354846096892843,0.10612580044276285,0.07845911717614995,0.058005056662737364,0.04288330941697295,0.03170375709215032,0.023438681095826253,0.01732828604240929,0.012810852963097221,0.009471101368042644,0.007002013166658996,0.005176608979341803,0.003827082281507416,0.0028293732147584853,0.0020917639599950296,0.0015464472631291158,0.0011432930212858315,0.0008452399016026129,0.000624888351419914,0.00046198180066974983,0.0003415445073749588,0.0002525048613362868,0.00018667758848910746,0.00013801129158340087,0.00010203215478986089,7.543267287496518e-5,5.5767597467489054e-5,4.122914923684299e-5,3.0480831593737356e-5,2.253456866908954e-5,1.6659873059573805e-5
0.08931214389586081,0.08529464100305487,0.08189744295163934,0.07906227367930373,0.07674173498774244,0.07489801008531626,0.07350185379509917,0.07253183229177869,0.07197378516199539,0.0718204912853459,0.07207152793591949,0.07273332000018008,0.07381938366872176,0.0753507767652888,0.07735677643492317,0.0798758146876343,0.08295671383495067,0.08666027783966483,0.09106131287534147,0.09625117204923694,0.10234094669384583,0.10946546172559542,0.11778827774138671,0.1275079610064165,0.13886595858596168,0.15215651535656977,0.1677392002517111,0.18605478132182368,0.2076454172108995,0.23318043578881578,0.2634893753281355,0.2996045060009853,0.34281577950166414,0.39474214132000096,0.4574244795183071,0.5334473096207452,0.6260987948983625,0.7395821387516275,0.8792961339186727,1.0522092411733224,1.2673607527660957,1.5365354541865708,1.8751762875209446,2.302757247095617,2.829242486532036,3.4440565356977118,4.113094178603748,4.771836012490649,5.325262686463893,5.66898151361568,5.780048331936056,5.702116913166238,5.498619737228576,5.2362319933304375,4.974509668352383,4.732911461561879,4.467131844876593,4.136058444053558,3.7148158110984686,3.2004853410366243,2.624337811940874,2.0624988874132373,1.570938007070028,1.1725652383618324,0.867250274686795,0.6407735573342803,0.4734397483207631,0.3498040652964936,0.2584550294561473,0.1909611947893153,0.14109293207447526,0.10424743887540013,0.07702390440326162,0.056909617286749134,0.04204804423790162,0.031067473452227982,0.022954406660247974,0.016960014013828663,0.012531017665004515,0.00925862464456814,0.00684079558425662,0.005054366714503269,0.0037344520195094796,0.002759224384332978,0.002038671045530719,0.0015062854820667452,0.0011129289143822585,0.0008222948326957243,0.0006075579339704755,0.000448898166999745,0.0003316713568677113,0.0002450575588261003,0.00018106238568487608,0.0001337791320004249,9.884358968921989e-5,7.303123496585259e-5,5.395960726848481e-5,3.986840997458864e-5,2.9457036371541944e-5,2.176452465366471e-5,1.6080861883906562e-5
