x1,x2,x3,x4,x5,x6,x7,x8,x9,x10,x11,x12,x13,x14,x15,x16,x17,x18,x19,x20,x21,x22,x23,x24,x25,x26,x27,x28,x29,x30,x31,x32,x33,x34,x35,x36,x37,x38,x39,x40,x41,x42,x43,x44,x45,x46,x47,x48,x49,x50,x51,x52,x53,x54,x55,x56,x57,x58,x59,x60,x61,x62,x63,x64,x65,x66,x67,x68,x69,x70,x71,x72,x73,x74,x75,x76,x77,x78,x79,x80,x81,x82,x83,x84,x85,x86,x87,x88,x89,x90,x91,x92,x93,x94,x95,x96,x97,x98,x99,x100,x101
0.022808168087792693,0.025643127149802283,0.028632617035698735,0.031764294056694564,0.03502548051950817,0.03840381368803121,0.04188790021003766,0.04546795664290218,0.04913642115335679,0.05288852676972977,0.05672283236392475,0.06064171351479929,0.06465182131046145,0.06876452283541996,0.07299634251891406,0.0773694287643287,0.0819120755200401,0.08665933398654749,0.09165375589617836,0.09694631728964075,0.10259758113615398,0.10867916937362151,0.11527563110198713,0.12248681520021498,0.13043088447631654,0.1392481471762033,0.14910593377116607,0.16020481722498955,0.17278657008240758,0.18714438105275055,0.20363603043612785,0.2227009664165771,0.24488255959589436,0.27085727954109795,0.30147319018766816,0.33780108187680147,0.3812028660318109,0.4334237309982413,0.49671725880366013,0.5740166307713302,0.6691708098452073,0.7872731055775626,0.9351222356559722,1.1218751281710222,1.3596047598556027,1.6575915787488056,2.0178274428350464,2.434095553492511,2.8876449730924563,3.3435514875929475,3.750497725878357,4.066754739739859,4.28432737235122,4.409761209828313,4.459307487344991,4.45514511213264,4.42198507672384,4.374389386378738,4.301703701822943,4.1907611500225865,4.030706368704077,3.814272570610532,3.539085651498565,3.210783849775308,2.8533071115366586,2.4930069280765546,2.149607225898425,1.8360248132383554,1.559211136258702,1.3214001964806403,1.1197528126242453,0.9488770810836467,0.8040772078042173,0.6813739829945706,0.5773954294385732,0.4892841380167744,0.41461874394744663,0.35134738585509745,0.29773131907142497,0.25229713361968537,0.2137962637966179,0.18117067664468545,0.15352379640795422,0.13009586595371547,0.11024306807312777,0.09341983289845797,0.07916384523140023,0.06708333977253918,0.05684633511527495,0.048171510646239014,0.0408204756425395,0.034591218114793716,0.029312553365210943,0.024839419702912164,0.021048892039193474,0.017836803813322494,0.015114884416840123,0.012808333450626265,0.010853765153483606,0.00919746651358572,0.007793921194377398
0.23288087633523832,0.21355003477273096,0.19738409648239746,0.18387799781266947,0.17262785569887534,0.16331041867119359,0.1556672379904317,0.14949245142346707,0.1446233538435668,0.1409331372959391,0.13832533858491947,0.1367296493199095,0.13609883219906346,0.1364065557714842,0.1376460136490316,0.13982923735934302,0.1429870479580712,0.14716962266611291,0.15244768120870464,0.15891432394801333,0.16668758189639588,0.17591376880110704,0.18677175928598666,0.19947835625857568,0.21429495744139157,0.23153578734050143,0.25157803011842694,0.2748742842706849,0.30196786618860316,0.33351162225175807,0.37029107514173987,0.41325293862171586,0.46354029754412074,0.5225360809264756,0.5919168741879341,0.6737196458384505,0.7704246344514286,0.8850584925264174,1.021322864684823,1.1837549524172117,1.3779283682681949,1.610704814125413,1.890549966346765,2.227930588570108,2.6350722759900105,3.113173351806609,3.644061833486618,4.19132451312113,4.697982658957536,5.0895286030605105,5.286015137180003,5.255985001492995,5.042078111720092,4.705803443692103,4.30889372323762,3.9034137858845783,3.527808910897565,3.197849851871257,2.901414834317227,2.62658316027234,2.3650094500985155,2.1113772052585866,1.863034196765002,1.6205056169598873,1.3907548461555486,1.180516465009274,0.9935012835845474,0.8309850777217832,0.692468333372653,0.5762679356534101,0.4795368258389809,0.39904279434701934,0.3320603197505954,0.2763213808516457,0.229938661665772,0.1913416470549296,0.15922344521127196,0.13249653640573575,0.11025594965755495,0.09174862048969787,0.07634789222629318,0.06353229744802752,0.05286790114730356,0.04399360772381184,0.03660893431657159,0.030463836478444885,0.02535024169128396,0.021095004047215676,0.017554041542138327,0.014607457470660709,0.012155480733308587,0.010115087595127756,0.008417190508701369,0.007004298815355694,0.005828572116085137,0.004850200399492796,0.004036056078009153,0.0033585722904435245,0.0027948094902831735,0.002325678714494901,0.0019352952327733194
0.021724496265886607,0.023869952234304534,0.026153754993261658,0.028582628445741765,0.03116454812246575,0.03390900196865575,0.0368272788057018,0.039932789265151425,0.04324142554191831,0.046771968149016845,0.050546550036666645,0.05459119104568535,0.05893641880722486,0.06361799602174968,0.06867777873743373,0.07416473604674016,0.08013616884787893,0.08665917438899498,0.0938124147664727,0.101688262089264,0.1103954115730107,0.1200620776081291,0.13083991846539653,0.14290887490065615,0.15648315935380702,0.17181869953781015,0.18922242814519336,0.20906392615533642,0.23179008032278467,0.2579436188811436,0.28818666120143344,0.32333078182246516,0.364375581268688,0.4125584233551797,0.4694189086137214,0.5368829011951953,0.6173726472505734,0.7139519094575592,0.8305183726070321,0.9720602504465367,1.1450006285994265,1.3576624682545748,1.6209006325075732,1.9489666551732139,2.3599585066694027,2.8636013308302295,3.45161521887799,4.096210486581103,4.743956128793401,5.314299314724856,5.708307753881113,5.863548209841382,5.791857914166308,5.53539297840511,5.150164019962005,4.693583920417211,4.215662526449526,3.7489678108782467,3.304089274804427,2.887078875938584,2.5021017456995795,2.1516089905839806,1.8365655308030173,1.5568057012576229,1.311714655857248,1.099752292082914,0.9184907763489232,0.7649851652283859,0.6360677683594854,0.5285570930074222,0.43920599921480474,0.3649594571679811,0.3032640847676693,0.2519981419953756,0.20939856303053908,0.17400032338357185,0.1445860568449653,0.12014418954780695,0.09983415134958074,0.08295746813228158,0.06893374086809843,0.057280685356657264,0.04759754618868817,0.039551314532604395,0.03286527576559757,0.027309493095567423,0.02269289990006824,0.018856728833172715,0.015669051723386743,0.01302024248650447,0.010819207020316995,0.008990250425044291,0.0074704738113645,0.006207611170743099,0.005158231916764622,0.004286247281809707,0.003561669203183952,0.0029595790160648495,0.002459270486012902,0.0020435377094326643,0.0016980833924631533
0.010778466079885567,0.013461972113172016,0.016548160424830746,0.020035624118929674,0.02391062640986154,0.028147301573040462,0.032708687744919585,0.03754852020881325,0.042613645671806574,0.04784686884247933,0.0531900171083442,0.058587008349150524,0.06398672857669872,0.06934556525268734,0.07462949242129527,0.07981565850531731,0.08489348074245179,0.08986529717319623,0.09474666500387396,0.09956642206951213,0.10436664668601273,0.109202662421373,0.11414324121960755,0.11927116452303861,0.12468431166148432,0.13049746233615916,0.13684503063990736,0.1438849978440292,0.1518043879773274,0.16082674466712293,0.17122223491279095,0.18332124748134246,0.19753270323884614,0.21436880128363833,0.23447866314733648,0.258694422426933,0.288094916719635,0.32409455036433993,0.3685685487730239,0.4240314181386999,0.4938940885186427,0.5828388010728814,0.6973723578952363,0.8466530068338647,1.0434001848485928,1.2991965429672099,1.6203690385052303,2.006586194910176,2.4456605519525993,2.9081625840596073,3.344841451711478,3.711412889602086,3.9953360247605665,4.198720958495459,4.334407455983543,4.422734146286728,4.488443604536982,4.545756971372495,4.578226815583022,4.564583955940372,4.484871971607238,4.322908156197593,4.069220543659189,3.7269178367954248,3.328153781317083,2.9110726203186235,2.50543879259546,2.131477117438286,1.8006474354427238,1.5173291013194699,1.278438848900452,1.0771597862036868,0.9075703589673377,0.7646813100766334,0.6442888974975443,0.542851221768452,0.45738402465118433,0.38537289337694,0.32469928756907174,0.2735782125826379,0.23050570563383077,0.1942145897809782,0.1636371940558929,0.13787394298586586,0.11616689142186633,0.09787742607755183,0.08246747776676208,0.06948369161059476,0.05854408950751395,0.049326832481381845,0.041560752299922975,0.035017373807400116,0.029504193271531906,0.024859014996148815,0.020945179584863353,0.017647543473067608,0.0148690914476035,0.01252808249570864,0.010555645015188736,0.008893750637804709,0.0074935070565213925
0.015733551981993752,0.01845717415776179,0.021435293196465303,0.024657131888899148,0.02810785628956535,0.03176932967589688,0.0356210456341636,0.039641190245605626,0.04380777968719637,0.048099820715983004,0.05249844697751371,0.05698799303679372,0.061556979456041765,0.06619899507740998,0.07091347594328687,0.07570639322727309,0.08059087464259881,0.0855877948254843,0.09072638024688408,0.09604488367012647,0.10159139270714097,0.10742484756451855,0.11361635582587286,0.12025090862015894,0.12742962471282876,0.13527267941197607,0.14392311696540477,0.15355180271514,0.16436385067444473,0.17660697176143672,0.19058233947075381,0.206658780143519,0.2252913884804976,0.24704608079171353,0.27263218031008307,0.30294595690577264,0.33912923108722215,0.38264886936189574,0.43540550228567954,0.4998834809429244,0.5793595579363506,0.6781959776269684,0.8022560678251484,0.9594993906693282,1.1605374843997005,1.414154281751286,1.7238744830044443,2.087354192151844,2.492750117181505,2.915169843664702,3.3151975672559897,3.657887272166277,3.9322630081882655,4.137737009262622,4.281619238411457,4.3771838003833645,4.441573870093116,4.484460990043996,4.492835255310715,4.4507837669910995,4.344373239151003,4.163525918375236,3.903981929455532,3.5714004341193384,3.193982544408185,2.8039094523344823,2.42610932290495,2.0775389030104225,1.7679006677867415,1.5010125599672222,1.2742809447308159,1.0817976940442913,0.918389508749001,0.7796645291662994,0.6618942967544751,0.5619135457458457,0.47703513150196075,0.4049778091486334,0.34380492142464525,0.2918723478807317,0.2477843164792584,0.21035588995975074,0.17858111873058316,0.15160600434420266,0.1287055469054925,0.10926425952518924,0.09275962611272993,0.07874805790991375,0.06685297132447254,0.056754666636014896,0.04818173554817077,0.04090376665098267,0.03472515274102784,0.02947983356096974,0.02502683266114716,0.021246468429126964,0.018037137452502443,0.0153125837626011,0.012999580565603769,0.011035962153843443,0.009368953101711711
0.02328776885396906,0.02594266307735739,0.028722155600119,0.03161562934571796,0.03461270026825626,0.03770374636090523,0.04088042725932689,0.044136182669241096,0.04746670178115117,0.050870360166355676,0.05434862514162411,0.05790643506293306,0.06155256234378768,0.06529997414742877,0.06916620871016964,0.07317378923015469,0.07735070139617334,0.08173096521109117,0.08635533714682093,0.0912721853155949,0.09653858884068664,0.10222172370158472,0.10840061196988568,0.11516833078945274,0.12263480333966684,0.1309303285709402,0.1402100527277863,0.15065964770394935,0.16250254481258547,0.17600918554995373,0.1915089045292865,0.2094052696993929,0.23019599360529913,0.25449892879584507,0.2830862166336855,0.31692943859029055,0.3572597203249458,0.4056483052841585,0.4641153595478116,0.5352780120864642,0.6225533550098786,0.7304390568599338,0.8649044971722935,1.033940641344244,1.2480245875151865,1.5153361066547957,1.8381208267804943,2.212092057726087,2.6228967520131286,3.0429362526238806,3.430609291230897,3.7509491428222974,3.9955416625156674,4.167272757169827,4.2770779985037,4.341487930089013,4.380263235387081,4.404450037417157,4.400656366688505,4.352289276583094,4.244561303844123,4.066332274843488,3.8121339035178052,3.486459572802618,3.116766944944483,2.73471565947177,2.3648114971735743,2.023698133510754,1.720870287873412,1.4600317714897357,1.2385986262697681,1.0507487487289533,0.8913887917674742,0.7561978817960427,0.641510462902466,0.5442169092511857,0.4616792109280732,0.39165944714295714,0.3322591074178238,0.2818676155200566,0.23911866042261112,0.20285315025214545,0.17208778476131206,0.14598839420164436,0.12384732170929841,0.10506423595139246,0.08912985378852244,0.07561213161097662,0.0641445509416046,0.054416180682079894,0.04616324655106693,0.03916197912868919,0.03322254658972727,0.028183907618142445,0.023909444945247053,0.02028326111961178,0.0172070360725015,0.01459736127511014,0.01238347820613987,0.010505359810708954,0.008912082931412577
0.03148080400505655,0.033682154061169346,0.03594184071579901,0.038261206590132754,0.04064305752013623,0.04309182826456647,0.0456137503888849,0.048217027156195004,0.050912021412706114,0.0537114636708879,0.05663068891506245,0.05968791214667685,0.06290455443226638,0.06630563331981475,0.06992023407919007,0.07378208146239916,0.0779302357747045,0.08240994225895265,0.08727366945667615,0.0925823807525844,0.0984070942967612,0.10483080067014008,0.11195082599037388,0.11988175194550818,0.1287590352277579,0.13874350935259278,0.15002700504127087,0.1628393954980076,0.1774574658677563,0.19421612993146276,0.21352268273537645,0.2358750006862074,0.2618849020438461,0.2923082906718447,0.3280842666207837,0.3703861585707084,0.4206885009105543,0.48085546516822464,0.5532583392234734,0.6409325865868618,0.7477891903263892,0.8789009497300492,1.0408929805572544,1.242479109834039,1.4948337444392248,1.8057442788307763,2.1752391858264053,2.5950015348919786,3.0446716537945946,3.489056214703242,3.878654941308206,4.174519844324231,4.3701645292719435,4.4727443830903635,4.49836368214678,4.46846544541612,4.406581558296125,4.3268144387855205,4.220690350746743,4.077916149013913,3.8906618421486265,3.6545161822449876,3.369366998269556,3.0417833837075476,2.693510013534904,2.347645151848607,2.021090931817724,1.7246254348304906,1.4637781035474091,1.2399894050745102,1.0503204163110877,0.8896632280931537,0.7535801905108366,0.6383124373337453,0.5406760591447467,0.4579741578487322,0.38792235333857267,0.32858568467402666,0.27832516286697595,0.2357524989616567,0.19969175691538085,0.1691468720610983,0.14327413795140947,0.12135890161956206,0.10279582353726284,0.08707215701267328,0.07375358517451211,0.062472224333460405,0.052916462351431985,0.04482235133559579,0.03796631690737388,0.03215898266288452,0.027239939244958537,0.023073313538783356,0.01954401560412932,0.0165545596774563,0.014022371434075162,0.011877507131943233,0.010060721635610198,0.00852183195554733,0.007218331100777245
0.031790190555909065,0.034069105541624484,0.03640439808569933,0.03879629493862383,0.041246554497219645,0.04375864620150862,0.046337927793917995,0.04899182536123769,0.051730022394992164,0.05456466544772911,0.05751059537846374,0.060585614737247065,0.0638108036240925,0.06721089848139568,0.07081475088013839,0.07465588661129545,0.07877318951114665,0.08321173970706448,0.08802384271879127,0.09327029454154658,0.09902193906100022,0.10536158868041688,0.11238639790309116,0.12021080417467885,0.12897018238271493,0.13882540150443395,0.1499685273374518,0.16262998860314423,0.1770876212297382,0.1936781359086251,0.21281172899170772,0.234990793054937,0.26083400423254527,0.29110750145890046,0.3267654744177229,0.36900330840486173,0.4193275903009113,0.47964889734496935,0.5524055683733683,0.6407298867295315,0.7486727139536273,0.8815092397040419,1.0461581065310737,1.251760158593671,1.510094407231783,1.8294454618186577,2.2099192775156467,2.6426961310856933,3.1060198211836685,3.562211426201626,3.9583741383484403,4.253280255942751,4.440913232232385,4.530102593100538,4.539181857966739,4.491870806635968,4.413674729234496,4.319846319278074,4.201946076873802,4.049647760439648,3.855129872694735,3.6139834288182646,3.3260522864674225,2.9977668892275227,2.650506928481776,2.3068860170640435,1.983334867176689,1.6902279718365227,1.4327831318397908,1.2122245877686801,1.0255269152675708,0.8675830077610253,0.7339644276028378,0.6209247716556789,0.5252946294888883,0.44439271932104923,0.3759507101333011,0.3180496221127864,0.2690660222192943,0.2276265063042289,0.1925691915497225,0.16291113955134653,0.13782079665150154,0.11659467880443972,0.09863764726223091,0.08344622205055392,0.07059446537687887,0.05972203916946853,0.05052410190399585,0.04274276144459507,0.03615984425375948,0.03059077823390102,0.025879417687437057,0.021893665297426545,0.018521768377672127,0.01566918554639904,0.013255935971181762,0.01121435686313976,0.009487206344935169,0.008026058500708184,0.006789945608295965
0.030103997078646364,0.03251832125444667,0.03500127800003468,0.03755076875869873,0.04016615166071762,0.042848477060907754,0.045600714573596164,0.04842797520812894,0.051337733979318935,0.05434006012890247,0.057447863873734774,0.060677170448020935,0.064047434210742,0.06758190785422165,0.07130808441637855,0.07525823304612851,0.07947005352245674,0.08398747966589819,0.08886166836569545,0.09415221943767826,0.0999286825251875,0.1062724215408433,0.11327892575617042,0.12106068095734303,0.12975074594831534,0.13950722159418172,0.1505188549490178,0.16301209443509035,0.1772600098958295,0.19359362241942332,0.21241636532643976,0.23422263668066953,0.2596217290700637,0.28936886807293,0.32440570492924903,0.36591346040060013,0.41538310490753716,0.4747086287466565,0.5463118156871457,0.6333102925045607,0.7397454434823847,0.870893734835364,1.0336951144590847,1.2373469893907199,1.493745063939578,1.8113832054648367,2.1906717063309307,2.623157239225883,3.0874388580260237,3.546062436164161,3.946084185435761,4.245872490261532,4.438816765100524,4.5331694343596505,4.546800981988022,4.503124899360189,4.427492611186495,4.335160671799239,4.21784067395136,4.065376163499171,3.8701239095512814,3.627860219406521,3.3386103613256872,3.008959256215536,2.6603684921795177,2.3154944668843114,1.9907947632019392,1.6966581554250793,1.4383071934768044,1.2169638315255962,1.0295918447172328,0.8710689169614307,0.7369532519022094,0.6234869422086028,0.5274906733924242,0.44627463973880505,0.37756317622290037,0.3194309946067259,0.2702492370580218,0.22863983571901325,0.19343689938482164,0.16365404535016473,0.13845676106600874,0.11713902118259192,0.09910350479074126,0.08384485855058564,0.07093553674223324,0.060013821478068136,0.05077368740423017,0.04295622690124125,0.03634239551876998,0.030746874372352004,0.02601287752704511,0.022007758871435697,0.018619295387051912,0.015752542670769278,0.013327174602266015,0.011275232614279304,0.009539221500444046,0.008070498405442456,0.006827909857132195
0.028623970749361866,0.031135729133089964,0.033726804021283835,0.03639277425330192,0.03913053647176354,0.04193860137043012,0.04481737587083757,0.04776943278929954,0.05079977185116911,0.05391607818001496,0.057128986629405965,0.06045236256356842,0.06390361199321216,0.06750403643313377,0.07127925060628128,0.07525968435384192,0.07948119405073531,0.08398581375835336,0.08882268263541954,0.0940491932371167,0.09973241585998649,0.10595086781394661,0.11279671444916331,0.12037851229841767,0.12882463564448604,0.13828756865885053,0.14894929934525875,0.16102812346111836,0.17478726271826373,0.1905458306581453,0.20869285388033573,0.22970529290969696,0.2541713300694053,0.28282063554628417,0.31656393630160057,0.35654506586928686,0.40420986804048675,0.46139801198618385,0.5304661676043249,0.6144544084485986,0.7173126326259918,0.8442109348542566,1.0019683061708986,1.1996494273392762,1.4490237041446328,1.7586725259576375,2.1294530677035945,2.5537163078256833,3.0112484447615913,3.4660734999104843,3.866740031715298,4.172269597204582,4.375495044729626,4.483652815804039,4.513455923504923,4.487261577206387,4.42963497606666,4.355243261306315,4.2549670452600985,4.1176581132526175,3.9346459863668724,3.700780545377827,3.415421327906198,3.085011979651393,2.732050676354236,2.3806064430862395,2.0483488926740527,1.7465790470822202,1.4811227837722227,1.2535367516781435,1.060823908604909,0.8977378314287668,0.7597238405366525,0.642927471332213,0.5440868264732189,0.4604414773695902,0.38965537073654216,0.3297515871315803,0.2790571294070935,0.2361561991265074,0.19985065604441427,0.1691265563602122,0.1431258352232142,0.12112234263620242,0.10250156348643706,0.08674345532368992,0.07340792457754672,0.06212253559273549,0.05257210921954203,0.044489920468002465,0.037650249393330844,0.031862077173177177,0.02696375132031193,0.022818471040415386,0.019310466649721837,0.016341766351021483,0.013829460070309855,0.01170338393831825,0.00990416074896096,0.008381541668482123,0.007093002882437268
0.028612710193443608,0.031106121605254913,0.03367820804191478,0.036324846202223884,0.03904323099461031,0.041832164035212956,0.044692329021023706,0.047626555723314846,0.0506400765624088,0.05374078192016163,0.056939482519193875,0.06025018937906397,0.06369042411348928,0.06728157475770899,0.07104931504733997,0.07502410828650054,0.07924182086823743,0.08374447542867941,0.0885811798867472,0.09380927670216006,0.09949576716662807,0.10571907919665444,0.11257126493600621,0.12016073785057495,0.12861568971685916,0.13808836841028743,0.1487604510121126,0.16084981801578466,0.17461912957595904,0.19038673245571078,0.20854059863101743,0.22955623026700964,0.2540197847384098,0.2826581111899328,0.3163779948335955,0.3563177456802994,0.40391544429570697,0.4609998133487403,0.5299120324524568,0.6136701682791668,0.7161927176649006,0.8426047554706486,0.9996603932009934,1.1963302885541356,1.444251141304421,1.7518988006660585,2.1201215879081765,2.541392205116698,2.995818557651636,3.4479894086490144,3.847220537690697,4.1530533715081,4.358231346721649,4.4696307404552815,4.50347615576427,4.481621828922537,4.428196271453414,4.357596675869533,4.26063528893169,4.126098342526115,3.9452397545751365,3.7128428112550673,3.4282287100228923,3.097858973796812,2.744376004105872,2.392040901771218,2.0586968503437615,1.755782847374209,1.489222536631126,1.2606330040038083,1.0670329483214982,0.9031647665796233,0.7644624253393272,0.647061113742157,0.5476895541744838,0.4635788511800067,0.39238533878064424,0.33212527641865214,0.2811195738835474,0.23794700503568492,0.20140460667070575,0.17047415907629654,0.14429381429336247,0.12213408152967582,0.10337750058204451,0.08750143688593535,0.07406351879272631,0.06268931129795226,0.053061882760524745,0.04491297389932633,0.03801552299953896,0.032177339050580046,0.02723574652355936,0.02305305256999502,0.019512710339525594,0.016516071511058484,0.013979637549676745,0.011832733098151091,0.010015536674290807,0.008477413801359057,0.007175506125792488
0.029107163100659417,0.03156143892569187,0.03408976822874974,0.03668881775517822,0.039356627767234,0.042092877110939245,0.04489913677941814,0.047779114513119454,0.05073889499649611,0.053787182209167846,0.05693555247839576,0.06019872879952533,0.06359488911338704,0.06714602355628028,0.0708783583668306,0.07482286732035143,0.07901589548786002,0.08349992506393654,0.08832451933028505,0.09354748897392028,0.09923633554697296,0.10547004060472177,0.11234128699986762,0.11995922228787421,0.12845290501222648,0.13797561522243987,0.1487102642369643,0.16087620991533574,0.1747378787596744,0.19061572361144719,0.2089002174845943,0.23006981687952727,0.25471414524790875,0.2835640823810306,0.31753104574195107,0.3577585830510219,0.4056905597325708,0.4631618624397287,0.5325198589217727,0.6167881615387787,0.7198889915587102,0.8469473137287821,1.0047099291455148,1.2021274327287312,1.4507947040126403,1.7591144337771507,2.127832921562646,2.549306127962185,3.0035386346405337,3.455070829335576,3.8532678062267074,4.157802507342359,4.361547213907777,4.4714826769938405,4.503902444586698,4.480691467526797,4.425974299405772,4.354140035812555,4.25604371268199,4.120530924436614,3.938917772219127,3.7060435501963678,3.4212689607526023,3.0910613381259973,2.7379913177339756,2.386222519658375,2.05351329996246,1.7512376412618451,1.4852751230046255,1.2572174383393326,1.0640793959683956,0.9006118801693374,0.7622568031814803,0.6451563062739083,0.546045188167244,0.4621598589691399,0.3911612809175711,0.3310697472306697,0.280209680452695,0.23716291106687906,0.20072913360754457,0.16989243763951453,0.1437929803629239,0.12170301096935432,0.10300657821837499,0.08718235540556976,0.07378910381771331,0.062453369341675564,0.05285906916234197,0.04473867818761132,0.03786576944492616,0.03204870044759941,0.027125269483137013,0.022958192820823654,0.01943127672614604,0.01644617754345171,0.01391965950579002,0.011781273809383009,0.009971394236613284,0.008439554553326508,0.007143041320845978
0.029632077244924348,0.032048005856350065,0.03453392393327452,0.037087323245963845,0.039707115381142084,0.04239387501942306,0.04515007370113581,0.04798030731145635,0.05089152234943962,0.053893247864886966,0.056997841773709854,0.060220762146005975,0.06358087607774807,0.06710082101216654,0.07080743600846418,0.07473228363860425,0.07891228714792618,0.08339051252020901,0.08821713149491049,0.0934506098454517,0.09915917592747774,0.10542263840973091,0.11233464021810505,0.12000545939974999,0.1285654986518503,0.1381696460921887,0.1490027437801857,0.16128647203996999,0.17528805298932992,0.19133130439985618,0.20981074699379,0.23120970113157602,0.25612362590012977,0.2852903878695891,0.31962974517596526,0.36029516228432223,0.40874222857018805,0.4668195800798687,0.5368905234293657,0.6219968351037711,0.726080904645098,0.8542891720001489,1.0133896780240015,1.2123510178374495,1.4627753144006324,1.7730174254856659,2.143693858820564,2.5669555768245664,3.022534188946186,3.474664056639312,3.872441001694512,4.17545510421333,4.376714330919034,4.483411329861679,4.5120675965479125,4.484766797900907,4.425771365686518,4.349583020172909,4.247268945916625,4.107935438543606,3.923172352965856,3.6880713943557644,3.4021826552565413,3.0720304598208235,2.7199395921892333,2.369725805126764,2.038844674150371,1.7384391546754543,1.4742334671350377,1.247730741620764,1.0559319229374076,0.8936160572832818,0.7562510806691968,0.6400015894432695,0.5416217509764869,0.45836467591591684,0.3879057215643918,0.3282775849201652,0.27781537309221466,0.23511011738780904,0.1989694331269473,0.16838422675600062,0.142500520681115,0.12059560913513655,0.10205787931974894,0.08636973440361939,0.07309314156509468,0.06185740156254415,0.05234879834330575,0.044301839695242755,0.0374918443688396,0.0317286686929218,0.026851397523187635,0.02272385128812831,0.019230783683383896,0.01627466384935863,0.013772953186430653,0.011655800772996366,0.009864093039511086,0.008347803242961395,0.007064594657011753
0.02990466044013587,0.03230236854713832,0.03476799998522169,0.037299415555602504,0.03989591690491613,0.042558480009023174,0.045289980028936194,0.04809541106580623,0.05098210609523979,0.05395996410339569,0.05704169320468944,0.06024308034623499,0.06358330017611488,0.06708527787744004,0.07077612338630278,0.0746876575939978,0.07885705510159816,0.08332763312547245,0.08814982259676737,0.09338236580751598,0.09909379571515385,0.10536426599082169,0.11228781909583475,0.11997520344025689,0.1285573818223012,0.1381899143018306,0.14905845273151233,0.1613856558677506,0.17543992950664533,0.19154652399212557,0.21010169359987627,0.23159085529498863,0.2566120014836009,0.2859060555367755,0.3203964568397465,0.36124109083460726,0.40990083533476585,0.4682306169456393,0.5386011644974045,0.6240629093798715,0.7285681585955064,0.857274415562961,1.0169615378231929,1.2166098002654941,1.4678301491763086,1.7789631801084393,2.1505740056242915,2.5747256655136828,3.0310250802969683,3.4835572774396177,3.8812739411521946,4.183705836629387,4.383915723841628,4.48919428506673,4.516174275884298,4.487040695016061,4.426130858552892,4.348004074621292,4.24381573275401,4.102779976640596,3.91660088903901,3.680476426365144,3.3940375540329906,3.063835190288398,2.7120952077665113,2.3624900668444595,2.0323485027681167,1.7327148827433996,1.4692454850791028,1.243403115517603,1.052180110848752,0.8903652981477653,0.7534359906368877,0.6375650456817088,0.539513897035247,0.45654203765661366,0.3863304231698704,0.32691665510738743,0.2766401323242657,0.23409563757847796,0.19809406203232657,0.16762916993407037,0.1418494745602218,0.12003443935756998,0.10157433911233248,0.08595321827074001,0.07273447010004198,0.06154863363079931,0.052083067307809726,0.04407321073058579,0.03729519025104262,0.03155956175655229,0.026706015750591144,0.022598896739202904,0.019123411691159962,0.016182421599156872,0.01369372646691028,0.011587767838178756,0.009805684653917787,0.008297668099224775,0.007021569458424665
0.030074783844386006,0.03245940283191392,0.03491062040915376,0.037426544565398616,0.040006735630403335,0.042652433340462884,0.045366775903903145,0.04815501477072033,0.05102473051108853,0.05398605689925409,0.05705192201165179,0.06023831693593449,0.06356460463067314,0.06705388368065753,0.07073342429827503,0.07463519710170481,0.07879651917419825,0.08326084695190142,0.08807875195063601,0.09330912367507686,0.09902065484014416,0.10529367803830915,0.11222244121769451,0.11991793313860262,0.12851140115320253,0.13815874463690064,0.149046021492075,0.16139637685157993,0.17547879861594748,0.19161923230119687,0.21021475970088194,0.23175177861412402,0.2568294375781112,0.2861900129608244,0.3207585125145958,0.3616946161943901,0.4104612175969459,0.4689154466878784,0.5394303391402725,0.6250585671116796,0.729754300615056,0.8586759832113099,1.018602564172199,1.218510018900319,1.4699990866294814,1.7813916081226455,2.1532260911423355,2.577535048282938,3.033898583079414,3.4863894025171076,3.8839714247089887,4.186198963330549,4.386142692729994,4.491092214130911,4.517672962884276,4.488058205668625,4.426569554438368,4.347766003711211,4.242852553665149,4.101106371947668,3.9142977215393535,3.677687406364395,3.390957262736273,3.0606820940024027,2.7090481630766443,2.359665539818125,2.0298075344331328,1.730475368150843,1.4672955508377512,1.2417131701303747,1.0507165660959104,0.8890984881415606,0.7523400193001737,0.6366173288897387,0.5386947564210378,0.45583434101867176,0.38571926675581814,0.3263890833985056,0.27618489130115437,0.23370295779745343,0.19775546817918932,0.16733731384206083,0.1415979889795187,0.11981781004305943,0.10138779305397641,0.08579262612679839,0.07259626110821964,0.06142972146701296,0.051980785537831614,0.04398525665757723,0.03721957610326731,0.031494572285694876,0.026650171423413516,0.022550921805022273,0.019082206496032077,0.016147038595828642,0.013663349438619413,0.011561693915195665,0.009783308755234404,0.00827846947880616,0.00700510007668495
0.030253503259194896,0.03262320527834723,0.03505806661987029,0.03755645982045055,0.04011822064321136,0.042744868293882105,0.04543981832178058,0.04820859208841327,0.051059028329896984,0.054001503977743295,0.05704917306756526,0.060218234313496176,0.06352823983867885,0.06700245973611295,0.07066831972761037,0.0745579323651492,0.07870874619628031,0.08316434236826661,0.08797541462345675,0.09320097698962365,0.09890985427555227,0.10518252450654975,0.11211340068470749,0.11981366307639373,0.12841478441418439,0.1380729313794591,0.14897447979962494,0.16134295264491066,0.17544778531158342,0.19161545034036462,0.21024364544559093,0.23181948099389643,0.2569429189860469,0.28635714779492816,0.32098817174684147,0.36199671834740726,0.4108467138349788,0.4693961877556377,0.5400187404863738,0.6257669392193339,0.7305936340649173,0.8596538560108957,1.0197196463641942,1.2197543446063914,1.4713372278674892,1.7827638804963895,2.1545485406118923,2.5787074363071665,3.0348251577109755,3.4870130401896082,3.884313470134511,4.186350830794197,4.386203624672257,4.491138750331789,4.517741380243813,4.488137626477498,4.426602693502281,4.3476707358728115,4.242568303037645,4.100602810747542,3.9135762760651454,3.676780521459938,3.389924190304541,3.059598213377006,2.70797856613838,2.358654854635829,2.0288815406198086,1.7296446475460812,1.4665597446161398,1.2410649818139223,1.0501465413842692,0.8885979175477952,0.7519010232890392,0.6362328086287643,0.5383583400444965,0.4555403279502658,0.3854625719588257,0.3261651828931693,0.27598976987861307,0.23353305954363096,0.19760765018136756,0.16720880326969828,0.14148634359663542,0.11972088211202989,0.10130369652172848,0.08571970693770276,0.07253307045819017,0.06137499179641705,0.05193340905348256,0.04394426617379675,0.03718412799677362,0.03146393136733959,0.026623697540374063,0.022528057999042533,0.01906246855601466,0.01613000585600812,0.013648656686322216,0.011549024284557221,0.00977238749502412,0.00826905849359075,0.006996993150879614
0.030495116106806327,0.03284435270131647,0.03525694580438787,0.03773163787172335,0.040268647179054526,0.042869879048768635,0.04553913077269167,0.048282294336802596,0.05110756262197284,0.05402564632369228,0.05705001043808274,0.06019714086039855,0.06348685351773642,0.0669426606176231,0.07059221117591442,0.07446782616397223,0.07860715260254879,0.08305396600186125,0.08785915705121636,0.09308194684446955,0.09879138576996531,0.10506820525594136,0.11200710985117336,0.1197196209748864,0.12833761488594786,0.13801773842113735,0.14894694012205642,0.16134942599158544,0.17549544444087198,0.1917124324829129,0.2103992266525472,0.23204427387533177,0.25724909255752193,0.2867586649593102,0.32150103448019957,0.3626392015811268,0.41163955420310433,0.4703626694511072,0.5411845821397098,0.6271598245767745,0.7322421319430443,0.8615853202229675,1.021956439872432,1.2223073389925891,1.4741951232351347,1.7858813717980064,2.1578384996398303,2.5820404366234055,3.0380435263931123,3.489963407035547,3.886893907262079,4.188525381993956,4.387963609962321,4.4924795663652475,4.518645361491831,4.488562594185913,4.426474885889126,4.346903670533227,4.241121949431659,4.0984978258187805,3.91089660090142,3.673669704236532,3.3865734506919494,3.056220096658163,2.704745177625635,2.3556762521253,2.026213137611689,1.727299623689612,1.4645223779339662,1.2393025755278646,1.0486229716269977,0.8872814099942232,0.7507639273816833,0.6352510807830851,0.5375110882637257,0.4548094111863619,0.38483224815298156,0.32562180020015974,0.27552149611807764,0.23312964542447923,0.1972602223111165,0.16690968338831988,0.1412288908650351,0.11949935563992403,0.1011131356402407,0.0855558270105515,0.07239217228415477,0.06125388288716357,0.051829335277118055,0.04385485243794808,0.03710732680770634,0.03139797824567361,0.02656707240121268,0.022479451716561735,0.019020754031376284,0.016094212994330646,0.013617950764706852,0.01152268726002981,0.009749801859803633,0.00824969333630812,0.006980392127117275
0.03076998437640064,0.03309619389296478,0.03548383055191853,0.03793204972469588,0.04044149463461923,0.04301449798276436,0.04565527843244154,0.04837013628345197,0.051167654155988514,0.05405891000006562,0.05705771128808412,0.06018086089694033,0.06344846702521031,0.06688431162839914,0.0705162944279922,0.07437697273009411,0.07850422129148141,0.08294204156725732,0.087741556210647,0.09296223311751846,0.09867339419504725,0.10495607814482306,0.11190534489038073,0.11963313318501902,0.12827181420113792,0.13797862494498253,0.14894121943940405,0.1613846472420065,0.1755801641444128,0.1918564072754592,0.21061363801031538,0.23234198737901213,0.25764495293272477,0.28726982549632546,0.32214731462945706,0.36344345818442536,0.41262803780032,0.47156531397747936,0.5426351386645059,0.6288956888769199,0.7343036178418421,0.8640139736314343,1.0247917367782422,1.2255807068012403,1.4779195601107902,1.7900354643658565,2.162351003743074,2.586781769365543,3.0428304755384588,3.494583430575018,3.8911494436388376,4.192266749218931,4.391080165102557,4.494888341745458,4.52027815462811,4.48935291480777,4.426345254512742,4.34577799614896,4.238984148994132,4.095408462686326,3.906996288194438,3.669173836220289,3.381755937569613,3.051378259253271,2.700118155717971,2.3514166122266684,2.0223972639233727,1.7239450250703765,1.4616062613328658,1.2367784662343402,1.046439636698251,0.8853937411986635,0.7491326297876233,0.6338419517770214,0.536294380804639,0.45375927244369224,0.38392622540573135,0.32484040658934055,0.2748478295318684,0.23254905444653456,0.19676001377230043,0.16647886662801592,0.14085795432918638,0.11918007191949594,0.10083839148722552,0.08531947526092716,0.07218890297077121,0.061079111142986045,0.05167910391335025,0.04372574733503703,0.036996403482793094,0.031302698160286704,0.026485247750358928,0.022409197597152687,0.018960447026266876,0.01604245533010739,0.013573539308538276,0.011484586715018792,0.009717121600835425,0.008221667400703498,0.006956361937672892
0.031051880331703256,0.03335431482702813,0.035716306707012264,0.03813742999833062,0.040618756384500285,0.04316304753466475,0.04577494350292201,0.04846115173254559,0.05123064261153408,0.05409485895272637,0.05706794825501799,0.060167028205051924,0.06341249768555163,0.06682840767506974,0.07044290899102482,0.07428879701417096,0.0784041775518341,0.08283328311990401,0.08762747549436598,0.09284647884621042,0.09855989870693392,0.10484909617358658,0.111809505156038,0.11955350443047622,0.12821398758313685,0.13794881502045012,0.14894638635856625,0.16143264314494535,0.17567990711679146,0.19201808648031898,0.21084895365576314,0.23266442880815602,0.2580701170096775,0.287815775090688,0.322834972538811,0.3642970239517427,0.4136754014665477,0.4728384184955221,0.5441702061368808,0.6307331664340591,0.7364876032221082,0.8665907265168876,1.027806634554603,1.2290726059074306,1.4819107807147778,1.7945146679920292,2.167255373848299,2.591985813522493,3.048147246267349,3.49978520048409,3.896009715786973,4.196598014609036,4.394734778312883,4.4977515426662285,4.522257350403756,4.490364933545949,4.426302421761058,4.344599488245673,4.236656535285099,4.092003580724526,3.902674944299763,3.6641797708232584,3.3763975216916005,3.0459892457700537,2.694966748108093,2.3466739041701286,2.0181489533019885,1.7202108526277784,1.4583608443104694,1.233969924760872,1.0440107744219738,0.8832942158783886,0.747318601415955,0.6322752736096154,0.5349418853761445,0.4525921424953095,0.3829194405004602,0.3239722570188127,0.2740994899101695,0.2319042101331916,0.19620453396365184,0.1660005186011238,0.14044615391480744,0.11882566582131274,0.10053346755542332,0.08505719727180822,0.07196336686334676,0.06088522002152897,0.051512459444946965,0.04358255545646413,0.036873392584676784,0.03119704814147229,0.026394528534534376,0.022331315879665498,0.018893600174177103,0.015985091495065624,0.01352432293210355,0.011442368711388543,0.009680913594319152,0.008190619476139955,0.006929743432715886
0.031330625112158075,0.03360920830672111,0.03594558182390325,0.03833972774596115,0.04079313309461712,0.043308973457541707,0.04589229389186915,0.048550191814141386,0.05129200792689058,0.05412953259558203,0.05707723652015001,0.060152536107431806,0.06337610572963104,0.06677225115730319,0.07036936101914061,0.07420045633499543,0.07830386220518294,0.08272403088789985,0.08751255210042615,0.09272939488195536,0.09844443633324564,0.10473934675756386,0.11170991917133322,0.1194689551651615,0.12814985046514418,0.13791106467997616,0.1489417138867298,0.16146859635429922,0.1757650569188916,0.19216222269500965,0.21106331353367871,0.23296196108170095,0.25846578306414564,0.2883268863457586,0.32348155852106053,0.3651022175006663,0.41466581395396956,0.4740444555258577,0.5456262376535959,0.6324774060888507,0.738561456880674,0.8690372174686131,1.0306672689932779,1.2323816511444106,1.4856852547548427,1.798738332470393,2.1718627990477812,2.596853045495261,3.0530950332504823,3.5046011901808027,3.9004905163920043,4.200582313358042,4.398097547749428,4.500394656332333,4.524098243500641,4.4913245410354214,4.42629279107129,4.343536653890713,4.234520891055972,4.088857075584757,3.898664529015316,3.6595317058177894,3.3714001147223986,3.0409557859234733,2.69014956360049,2.3422344402880815,2.014168639078509,1.7167092278199931,1.4553150237882897,1.231332025376536,1.041727764038392,0.881319345232313,0.745611104065849,0.6307996318403187,0.533667180330432,0.4514914799980866,0.38196944467270344,0.32315262441761233,0.27339259756096673,0.2312947714283178,0.19567929697931152,0.1655480019278535,0.14005641560129986,0.11849010149716362,0.1002446342249375,0.08480865965949114,0.07174956354372276,0.06070134688349112,0.051354368326220694,0.0434466660393395,0.03675661587234658,0.031096720037480242,0.026308352228283913,0.022257311900844904,0.01883006312036925,0.0159305525616339,0.013477517483436015,0.011402208229348045,0.009646461424753928,0.008161069868883312,0.006904403435842693
0.031613956447497406,0.033867827496748465,0.03617777940819559,0.03854420508788766,0.040969007344918186,0.043455774136665744,0.04600995232957262,0.04863902483812249,0.05135269727740147,0.054163101568561973,0.05708502531796024,0.06013617731582878,0.06333750125452633,0.06671355185730764,0.0702929501713925,0.07410893798259803,0.07820005536398564,0.08261097054602429,0.08739349793257438,0.09260784862741302,0.09832416885587336,0.10462443592121194,0.11160479982660657,0.11937848275350582,0.128079380000853,0.13786654716261576,0.14892981251070572,0.16149682519158992,0.1758419450080701,0.19229750659487033,0.21126816126207715,0.23324922974658258,0.2588503110621036,0.28882581820786096,0.3241146954590537,0.36589237807578223,0.4156391748834102,0.4752308190232848,0.5470591334307383,0.6341938745986181,0.7406012618380782,0.8714410782532546,1.0334734521526643,1.235619858472788,1.4893661232267545,1.8028379931211505,2.17630849610602,2.6015157199532752,3.0577953024556654,3.5091346877794307,3.9046723083250057,4.204276213533354,4.401201975475072,4.502829704325354,4.525792771581693,4.492204098432436,4.426268311440365,4.342519504594454,4.2324853432424385,4.085857304819575,3.8948378180215375,3.6550928650783248,3.3666247404389353,3.0361443562877577,2.6855442242813674,2.337990088417146,2.0103634033294786,1.713361888263857,1.4524036943601688,1.228810868853027,1.0395460141588737,0.8794322567819458,0.743979663944329,0.6293898547548482,0.5324494854713806,0.4504401404581972,0.38106210198771273,0.32236986122858613,0.27271756201011277,0.23071284748918233,0.1951778154814721,0.16511598756070892,0.13968436566878314,0.11816979264419404,0.09996895376740454,0.08457145852358812,0.07154552815915381,0.06052588768047057,0.05120352276049602,0.04331701431502655,0.03664520775152304,0.031001011320543524,0.026226149662271308,0.022186725426343118,0.018769464503288796,0.015878539575827955,0.013432882915597123,0.011363913070370144,0.009613611693211798,0.008132896583733566,0.006880245318043128
0.031909478140648796,0.034137151095567295,0.036419220978439984,0.03875650418447377,0.041151329714369564,0.043607706192736254,0.04613148870022688,0.04873055041700712,0.05141496528179709,0.05419720911744124,0.05709238800935302,0.060118504214209785,0.06329677160876031,0.06665199476974677,0.07021302834019304,0.07401333655221438,0.07809167685180177,0.08249293677380697,0.08726915988592941,0.09248080519993371,0.09819829551105268,0.10450392442734764,0.11149421038935566,0.1192828100869096,0.12800413513720318,0.13781785709603245,0.14891454008232957,0.16152271192633474,0.17591777985288126,0.19243332360139315,0.21147546906284428,0.23354127496766758,0.25924237623501156,0.28933555171399405,0.3247624656499318,0.3667016345210795,0.4166367844334334,0.4764473194439518,0.5485288071057942,0.6359544802153206,0.7426931588204511,0.8739053142689482,1.0363481219753123,1.2389336244968125,1.4931271682171363,1.807018297241952,2.180829601698143,2.6062418260398785,3.0625405151489047,3.5136904118879393,3.908854051313143,4.207952658722046,4.404277573841454,4.505230059303069,4.5274506592940496,4.493046862387223,4.426206479574592,4.341462781856928,4.230407061191262,4.0828116317658445,3.8909628372589893,3.6506048152829274,3.3618010405680416,3.03128736950201,2.680897407489167,2.33370896249606,2.006526199789919,1.709987137549315,1.4494690532045233,1.2262699480602444,1.0373475144723572,0.8775309771589631,0.7423362037602725,0.6279698993616146,0.5312231742257651,0.4493815087655893,0.3801485895542146,0.321581879363534,0.2720381134551971,0.23012719285903427,0.19467318097653652,0.16468130915209894,0.1393100654543573,0.11784758353464869,0.09969166908119928,0.08433290345128985,0.07134035040311931,0.06034946488685143,0.051051864639707,0.043186677596520125,0.03653322234140591,0.030904816228654385,0.026143537441108842,0.022115794019863654,0.01870857554111824,0.01582628226973715,0.013388042821908246,0.011325445075877948,0.009580616664657926,0.008104601193168184,0.006855984619717421
0.032220147439063776,0.03441987566108964,0.03667234557148546,0.038978812811870434,0.04134204590400513,0.0437664851949283,0.046258402981716885,0.048826069930031975,0.051479934042861414,0.05423281962809912,0.05710015500582476,0.06010023915631316,0.06325455922365282,0.06658817286421252,0.0701301719975187,0.0739142477458036,0.07797938044610135,0.08237068385097525,0.08714043934011806,0.09234936458487092,0.09806817221481855,0.10437948838355465,0.11138021971784694,0.11918448128907053,0.1279272297474312,0.13776878700308254,0.1489004940650384,0.16155180626659557,0.17599923614148968,0.1925776769502356,0.21169480973398266,0.23384952568984058,0.2596556058230904,0.289872322435854,0.32544420614656916,0.36755302047736976,0.41768609324932127,0.4777266991324643,0.5500743576452609,0.6378059782761888,0.7448931493708556,0.8764971214861365,1.0393720595338092,1.242420251321854,1.4970857828494428,1.8114203840008742,2.185593691543376,2.611225979681513,3.0675494848946236,3.518503803702001,3.913274920590235,4.2118387184291555,4.407524648207885,4.507757492792413,4.529186963368454,4.493916480926776,4.426117637448349,4.340323709559657,4.228192723046569,4.079581548220274,3.8868641435851927,3.64586604655539,3.3567142058523003,3.0261699411649956,2.6760045901469427,2.329203465551331,2.0024895497886535,1.7064382243258975,1.4463839348659369,1.2235995289879407,1.0350376256634408,0.8755339154348193,0.7406104068779857,0.626479186135891,0.5299360730238138,0.4482706651821386,0.37919024480865454,0.32075541168777016,0.27132563544430804,0.22951319842708806,0.19414423619048038,0.16422578180382527,0.13891788877325495,0.11751004994009344,0.09940125032753694,0.08408309392868776,0.07112553072847964,0.06016478325236687,0.050893133685326095,0.043050284839355434,0.03641605243270765,0.03080418352004495,0.02605712752885707,0.022041613101457386,0.01864490656448227,0.01577164698418957,0.013341168953227353,0.011285237947373657,0.009546134673456306,0.008075034627424281,0.006830637369427806
0.03254464635026897,0.03471477012515701,0.03693603130814421,0.03921013691993942,0.04154030452026222,0.04393141334495379,0.04639015804238428,0.04892521021933429,0.05154739408743847,0.05426988364231012,0.05710843006027433,0.0600816294304707,0.06321124263883023,0.06652258129107624,0.07004497613709587,0.07381234770379322,0.07786390296552281,0.08224498714445498,0.08700812647634774,0.09221430643867977,0.09793454109066685,0.10425180357086923,0.111263406434897,0.1190839447195779,0.12784894616704476,0.13771941432240253,0.1488875044642857,0.16158364393238833,0.17608550338333218,0.1927293520810717,0.2119244998942135,0.23417175703320514,0.26008715177459574,0.29043256745483165,0.3261555365985875,0.3684412242852645,0.4187807335108397,0.47906140000641345,0.5516868974410744,0.6397380152274402,0.7471892948116455,0.8792028988891226,1.042530007513666,1.246062982416734,1.501224125911187,1.816026085915013,2.190583391686887,2.616453017977175,3.0728107545838386,3.5235682821236334,3.917933539399375,4.215937620699912,4.410950025253314,4.5104213392646875,4.531012596192519,4.494824835631018,4.426014425546298,4.3391157512487295,4.225856592320495,4.076181939731351,3.882556907907652,3.64089153673069,3.351378444789227,3.0208049280246496,2.6708768961276665,2.324482855367692,1.9982609031789778,1.7027209735621749,1.4431527867801799,1.2208029459678311,1.0326188061706574,0.8734428454478931,0.7388035155908544,0.6249185478982413,0.5285887022274492,0.447107894400337,0.37818717727546985,0.3198904399740341,0.2705800189313252,0.2288706928872871,0.1935907694499855,0.16374917008135279,0.13850758886135447,0.11715694291858045,0.09909745297614658,0.0838217944384595,0.07090084570160028,0.05997163333090913,0.05072713546343259,0.042907656993880876,0.0362935342570584,0.030698964267755834,0.02596678516999663,0.02196406126876958,0.01857834861959261,0.01571453626938702,0.013292174413254983,0.01124321441012414,0.009510097170103848,0.008044136212805596,0.006804149973734044
0.03288154163109959,0.0350204652859111,0.03720899349632055,0.03944929339660341,0.04174503755784409,0.04410154767779002,0.046525942329250315,0.049027294051546606,0.05161680209275255,0.0543079882044108,0.057116924107818434,0.060062500660564594,0.06316675043914952,0.06645523752369645,0.06995753085540554,0.07370778080057189,0.07774542270284866,0.08211603650128245,0.0868723982725837,0.09207576826012245,0.09779747115072553,0.1041208388053196,0.11114360433634067,0.11898086067819011,0.1277687283897233,0.13766891874422466,0.1488744324259242,0.1616167057415619,0.176174611150252,0.1928858453216082,0.2121614071733499,0.23450409612251463,0.2605322690164545,0.29101051362119923,0.3268894704888875,0.36935782502768855,0.4199105854977717,0.4804392866466139,0.5533518952081139,0.6417332079749218,0.7495608144233171,0.8819978172913828,1.0457923174726436,1.249826447287057,1.5055000763662134,1.8207855897258876,2.195740701954041,2.6218570680344753,3.0782520900917367,3.528808255652817,3.9227554669334332,4.220181187131754,4.4144961992075515,4.51317799615541,4.532899780251371,4.495760714220992,4.425902048934168,4.337859808538997,4.223434004913494,4.0726606627060224,3.878098901914088,3.6357457419048718,3.345861227895414,3.01525908786181,2.6655774551249136,2.3196048214092966,1.9938916589376041,1.698880380250494,1.439814584877422,1.2179138275855657,1.0301200557297312,0.8712827666307718,0.7369370736986632,0.6233065445465087,0.5271970461800556,0.44590695851459505,0.3771512323379532,0.3189971570030588,0.2698100322919031,0.22820721729711121,0.19301926464375516,0.16325704754162304,0.1380839556155159,0.11679237794354012,0.09878381224598981,0.08355204109782155,0.07066890225119304,0.05977225307448397,0.05055579079042288,0.04276044236211137,0.03616708199824709,0.030590371567974145,0.025873550780570975,0.021884030682897612,0.018509666608636875,0.015655605812627316,0.013241621177877073,0.011199856046259065,0.009472916780499226,0.008012259439730676,0.006776825218364281
0.033230734728738796,0.03533680928769835,0.03749104057642991,0.039696062915795444,0.041956008089244524,0.044276642004823126,0.046665506905106145,0.04913207446196978,0.051687916062684025,0.05434689764507917,0.057125407625975656,0.060042627857376275,0.06312085922424641,0.06638591557044926,0.06986760223614355,0.07360029877348778,0.07762366958286507,0.08198353154123025,0.0867329145139045,0.09193335938800105,0.09765650951072366,0.10398606590954192,0.11102019540822566,0.11887450505526789,0.1276857279189863,0.13761630665513272,0.14886011553222858,0.16164963317017167,0.1762649730636092,0.19304530518959884,0.21240337089885233,0.2348440204685075,0.2609880099032496,0.2916027112955278,0.32764196226438175,0.3702980656094704,0.4210700372402536,0.48185371337871463,0.5550614470834948,0.643782111062495,0.7519963614793141,0.8848681700408974,1.049142335511968,1.2536902900722622,1.5098886137117364,1.8256681669282022,2.201028327882062,2.6273938927936125,3.0838227937601443,3.534168285622211,3.9276836957700527,4.224514857525348,4.418114785468473,4.515988225776599,4.534820442231363,4.496708290010633,4.425777250156327,4.336564984916452,4.220945723642626,4.069048856443613,3.8735297402821174,3.6304742815833517,3.3402112895132046,3.009581275524022,2.6601528653279827,2.3146121950703034,1.9894201338062711,1.6949500868709666,1.4363985394217464,1.214957428811373,1.0275631961971876,0.8690725264439791,0.7350273530765712,0.6216572188530415,0.5257732193700274,0.4446783047364113,0.3760914162577089,0.318083324228225,0.2690223620598366,0.227528530342968,0.1924346798669334,0.16275368174562474,0.13765066120136382,0.11641951399162113,0.0984630449265941,0.08327616980873366,0.07043170829404218,0.059568368053075374,0.050380582247027614,0.04260991446480417,0.03603778935693119,0.03047934449169778,0.025778230496952326,0.021802213224599038,0.018439454234342404,0.01559536497316595,0.013189946164094005,0.011155537565875905,0.009434914808252858,0.007979679770098079,0.006748899224571141
0.03359329319677191,0.03566471320419087,0.0377829382639484,0.03995107670496621,0.042173723356184904,0.044457089638844434,0.04680914072105657,0.04923974510204021,0.051760842913766696,0.054386640240984635,0.05713383792039125,0.06002190465508217,0.06307340595535689,0.06631440249553483,0.06977493408773411,0.0734896087794156,0.07749832078595315,0.08184712633344991,0.0865893133461837,0.09178670970338178,0.09751128608168437,0.10384712394234785,0.11089283800927836,0.11876456693535771,0.12759967753659684,0.13756136935893498,0.14884442063503653,0.16168238823547407,0.17635666894834784,0.1932079554590496,0.21265078894111689,0.23519213671381642,0.26145522956149153,0.29221030927513514,0.32841450534148986,0.371263840772815,0.42226144676813593,0.48330756740926034,0.556819036619613,0.6458888681233079,0.7545007920851556,0.8878195539663071,1.052586383066748,1.2576614648678588,1.5143971106449792,1.8306812465746616,2.2064532534487675,2.6330694309237197,3.0895271632533143,3.53965060642493,3.9327183483672554,4.22893696652937,4.421802784607621,4.518848146779831,4.536770179405459,4.49766285714665,4.425635080714316,4.335226058574816,4.21838628125346,4.065340905818972,3.8688438106135608,3.6250717280582108,3.3344235751903923,3.003766974501662,2.6545992374598737,2.3095017276432017,1.9848436808202365,1.6909279790683516,1.4329029865437883,1.2119324533942673,1.024947225749694,0.8668113578688368,0.7330737732187478,0.6199701377961054,0.524316904792922,0.4434217067758853,0.37500757317312705,0.31714884000542626,0.2682169479024144,0.22683460277154288,0.19183700887254962,0.1622390831183342,0.13720772777772505,0.11603838113529623,0.09813518607576728,0.08299421839483144,0.07018930276089688,0.059360017087258354,0.05020154767177199,0.04245610955496436,0.0359056906039708,0.030365915088829187,0.025680854028191567,0.021718636230393006,0.018367736493121505,0.015533836485028775,0.013137169951995735,0.011110277523131772,0.009396107920660259,0.007946412128129108,0.006720385317332553
0.033970433926435256,0.03600522518494344,0.03808557925006683,0.04021508484116256,0.042398803114307,0.044643391687400814,0.04695723726063976,0.04935060220849429,0.05183579139531017,0.054427346446503516,0.05714227584522989,0.06000033058879658,0.06302433681355939,0.06624059888432021,0.06967938907272588,0.07337554327926281,0.07736918648837403,0.0817066170458936,0.08644138574732009,0.09163561455968582,0.09736161113837158,0.10370384989211189,0.11076140918636027,0.11865097867537898,0.12751058247907146,0.13750420533833163,0.14882756318599838,0.16171533108974123,0.17645023615931157,0.19337454884551764,0.21290467421729728,0.23554977068277946,0.26193562864154735,0.29283545568717667,0.32920978038534987,0.37225846299696635,0.42348887372383487,0.4848057887431549,0.5586306366991136,0.6480606575224164,0.7570826822535397,0.8908621516634609,1.0561364684827859,1.261754022597404,1.5190418511698456,1.8358434397031105,2.2120363193717743,2.6389063823883876,3.0953890518448306,3.545279172362956,3.937882158736567,4.233467679876938,4.425576677499422,4.521769754702164,4.5387560250261565,4.498626285247725,4.4254722389069405,4.333834698380196,4.215742690614525,4.06151980376958,3.8640209761217243,3.6195159164342896,3.328475126453154,2.9977936636742792,2.648895425532565,2.3042542097232546,1.9801452709152674,1.6867992145312338,1.4293151203327483,1.2088278941348438,1.0222626876053296,0.8644911385156208,0.7310693597970438,0.6182393144616398,0.5228229645024491,0.442132756389257,0.37389592184114234,0.3161904616864853,0.26739100969384183,0.2261230515422223,0.19122420943513163,0.16171150187783156,0.13675365643728785,0.11564769562956774,0.09779913643890266,0.08270524575631658,0.06994088010057148,0.0591465107746072,0.05001809716692632,0.04229852296332177,0.03577035405620581,0.030249714166516534,0.025581105675335062,0.02163302978568336,0.018294282649380992,0.015470823133472146,0.013083124001873638,0.01106393190405418,0.009356373077257205,0.007912351406351778,0.006691193720115058
0.03436307517519203,0.03635911603807944,0.0383996036384989,0.040488612299942515,0.04263167152770893,0.04483588452438503,0.04711005684339032,0.04946484054432499,0.05191290005039849,0.054469106859781784,0.05715077138344,0.059977921539647476,0.06297363941299945,0.06616446938484162,0.0695809137900267,0.07325803551118165,0.07723619118843643,0.08156192415896983,0.08628905318088274,0.09148000187456898,0.09720742520063053,0.10355620393461529,0.11062589698588245,0.11853376585658373,0.12741851730565917,0.13744495173160545,0.14880975909959515,0.16174877572557175,0.1765461097649525,0.19354566887342048,0.21316579126571375,0.23591790658078043,0.2624304568147578,0.2934797198043058,0.3300297400721169,0.3732843432869854,0.4247552750374806,0.4863519820733165,0.5605006173325906,0.6503027490469749,0.7597483535055245,0.8940035053836284,1.0598015385794695,1.2659785084028865,1.523835171476399,1.8411690147890334,2.2177937403267047,2.6449227233137016,3.1014277451260344,3.551073817002121,3.9431944558005267,4.23812466110367,4.429451438276924,4.524764542539798,4.5407854614895635,4.499601758053677,4.425287506994523,4.332385335059384,4.21300529937484,4.057572325240054,3.859045181479234,3.613788896412969,3.3223471564983615,2.9916427820688045,2.643023909722899,2.2988536584698434,1.9753106837775378,1.6825513582339875,1.42562417883202,1.2056344735128701,1.0195015885617253,0.8621049844829151,0.7290081865579061,0.6164596489222353,0.5212870112524306,0.44080768072262133,0.37275321884044055,0.31520540188441176,0.26654215270410003,0.2253918198844461,0.19059451555949386,0.16116942212003046,0.1362871463024672,0.11524634141479388,0.09745393875970242,0.08240843104595669,0.06968573660425889,0.05892724596795255,0.04982971389234569,0.04213671190307115,0.03563140044990609,0.030130416937659367,0.025478707358514267,0.02154515584712775,0.018218888970515355,0.01540615058322801,0.0130276591606224,0.011016373122440791,0.009315601158776244,0.007877404294941503,0.00666124465488759
0.03477187078427615,0.03672690916212971,0.03872542376986533,0.040771977904465316,0.04287256954303664,0.04503474496683071,0.047267724064114926,0.04958254264274224,0.05199221788575983,0.054511944011935605,0.05715932631132643,0.059954663081255216,0.06292128667236303,0.06608597696824825,0.06947946329206323,0.07313703411760282,0.07709927826230124,0.08141298671353786,0.08613225122131345,0.09131980471376748,0.09704866002547502,0.10340411811916049,0.11048623591861666,0.11841286836764894,0.12732343114133304,0.13738357191469724,0.1487909924115634,0.16178273490666703,0.17664434128026058,0.19372141811595514,0.21343430866965857,0.23629679698936823,0.26294007209876435,0.2941435903879736,0.3308750334853748,0.3743423252366089,0.4260617278233907,0.48794750185772545,0.5624306585865411,0.6526172001515916,0.7625002942284643,0.8972465868317805,1.0635850950591046,1.270338988266783,1.5287817142677,1.8466631687640898,2.2237311967578406,2.6511244894597152,3.107649446042704,3.5570406700200112,3.948661023349113,4.2429130765246175,4.433431373588718,4.527835758852861,4.542860530312144,4.500590008157281,4.4250802451986395,4.330875941698665,4.2101707734091915,4.05349400439667,3.8539110853522636,3.6078847648942958,3.316033542077647,2.9853083157993847,2.636979029570429,2.293294910441577,1.970335315433462,1.6781803689716257,1.4218266481876356,1.2023491478584298,1.016661294620847,0.8596506179766003,0.7268882851128428,0.6146294412931737,0.5197075779611905,0.4394452143750354,0.3715783733512187,0.31419272078931837,0.26566956765184635,0.22464021126589528,0.1899473280421675,0.16061232860777863,0.1358077545322799,0.11483393803560542,0.09709926631347778,0.0821034937919864,0.06942363159663831,0.05870201621719742,0.049636220818660995,0.04197052462462254,0.03548869974814424,0.030007912006776823,0.025373563680747356,0.02145493274292277,0.01814148555540158,0.015339759024199538,0.01297072426631835,0.01096755742560558,0.009273754758345404,0.007841538820407438,0.006630510798942855
0.035197464969804505,0.037109111236616144,0.03906343008432227,0.04106547495408102,0.04312171019983158,0.045240120499456186,0.04743033347076787,0.0497037607708442,0.0520737637314672,0.054555850494273056,0.05716791270983229,0.05993051122195191,0.06286722185287609,0.06600505453657339,0.06937496174105662,0.0730124555343771,0.07695835698303079,0.08125970708382928,0.08597087545389744,0.09115491197194844,0.09688519804519395,0.10324746891648204,0.11034229741344997,0.11828815408657156,0.1272251905362989,0.13731993423673297,0.14877113748393508,0.16181709450569956,0.17674483507825597,0.19390172814484305,0.21371019582440945,0.23668646188512926,0.26346456011615865,0.29482723618749557,0.3317459323925332,0.3754328057402352,0.42740877794200893,0.48959306755810716,0.5644216773602442,0.655005145656725,0.7653398703777354,0.9005929932216804,1.0674889450047522,1.2748374243472123,1.533883493301911,1.8523278154719638,2.2298503204067073,2.657512843516883,3.1140547004376176,3.563179607934237,3.9542811623389484,4.247831853785671,4.437515237512792,4.530982136975079,4.544980030075305,4.501589916845066,4.4248493776074405,4.329305428454378,4.207237995971932,4.0492837219517614,3.8486176095018565,3.601802529981212,3.309533410780959,2.978789525056388,2.630760170349946,2.287577458095525,1.9652187459586599,1.6736858974564233,1.4179222366363948,1.1989716734337528,1.0137416027687436,0.8571278704533326,0.724709516016044,0.6127485766230305,0.5180845702393643,0.4380452801691883,0.37037132256196903,0.31315236754364845,0.26477321359507944,0.22386819294187227,0.18928262089118936,0.16004020089062176,0.13531546520498774,0.11441047325450579,0.09673510984491294,0.08179042713940392,0.06915456014234249,0.05847081811089949,0.049437615733811606,0.04179995985020122,0.03534225139185779,0.02988219935908051,0.02526567503114841,0.021362361153835736,0.01806207328734758,0.015271649472087355,0.01291232041239019,0.01091748594262619,0.009230835008792739,0.007804756095619655,0.006598993228032885
0.03564063019562987,0.03750633788280345,0.03941410458339231,0.04136947260341527,0.04337936814805548,0.04545220725677923,0.04759801644054748,0.04982857322953741,0.052157572591613466,0.05460082608037437,0.0571765016694531,0.05990541359263652,0.0628113732172902,0.06592161413027313,0.06926730733519117,0.07288418590446753,0.07681330279892688,0.08110195111886873,0.08580478311650536,0.09098517331341009,0.09671688259559252,0.10308609494864747,0.11019391753242817,0.11815945938753494,0.1271236359601183,0.13725388816552703,0.1487500590319122,0.16185174232643618,0.17684751174888,0.1940865641698363,0.2139934768164675,0.23708700119248952,0.26400411654593786,0.29553097169273335,0.3326428963500731,0.37655641872559126,0.42879726555807884,0.49128975899461963,0.5664750263083165,0.6574682410450267,0.7682690624560355,0.904045037473378,1.0715157160350741,1.2794767012282429,1.5391435325468936,1.858165937392838,2.236153823620531,2.664089978225379,3.1206449618720153,3.5694912254707662,3.9600546591141614,4.252880162289801,4.441701793289358,4.534202211392171,4.54714238260577,4.502599839617428,4.424593176433377,4.327671945867265,4.204205005623537,4.0449394567386845,3.8431627484584383,3.5955402809324677,3.302845012806244,2.9720848629856977,2.624365998810896,2.281700170692321,1.959960025771346,1.6690671508118153,1.4139102843062898,1.195501502160907,1.0107420585623115,0.8545363657847401,0.7224715685496261,0.6108167987482015,0.5164177773555847,0.43660770515059033,0.3691319248787347,0.3120842265431,0.26385299642939625,0.2230756885598524,0.18860033238155077,0.15945298927044568,0.1348102384880424,0.1139759153111801,0.09636144418046966,0.08146921127322532,0.06887850677134875,0.058233639689229726,0.0492338895021697,0.041625010705971174,0.035192050309083525,0.02975327534941399,0.02515503888642573,0.02126743943133821,0.017980651193098114,0.01520182146852442,0.012852447527017046,0.010866158886074622,0.00918684232627421,0.007767056676852251,0.00656669258912831
0.036102271555171185,0.03791931725745414,0.03977802411140726,0.041684419236934916,0.04364588345870485,0.0456712545575232,0.047770946677742565,0.04995709101310748,0.052243703628948666,0.05464688717035887,0.05718507430578338,0.05987932212812678,0.06275366846000205,0.0658355631840518,0.06915639046661987,0.07275210121975721,0.0766639795517197,0.08093957254679283,0.08563381982367946,0.09081042838085258,0.09654354981405726,0.10291983183039385,0.1100409350701439,0.1180266308874545,0.12701862767529007,0.13718531487887123,0.14872766815895583,0.1618866304748212,0.17695237790256466,0.1942760036237234,0.21428431945220938,0.23749869630898413,0.2645591636881977,0.29625539189854316,0.3335667296110607,0.3777142191463967,0.4302285424429303,0.49303927483993887,0.5685928035670912,0.6600090362921421,0.7712909200655697,0.9076063050983231,1.0756695438548443,1.2842614815966444,1.5445669394674006,1.8641829328900001,2.2426471714706553,2.670861144417233,3.127424966986875,3.575979488184453,3.965984568229629,4.258060128975953,4.445992272085614,4.537496362259584,4.549347151104157,4.503618532396781,4.42430957057695,4.325972579696171,4.201068108835068,4.040456878416876,3.837541736146848,3.5890930505846583,3.2959634210315656,2.965189659581077,2.6177922466202017,2.275659251020342,1.954555842724669,1.6643212789199386,1.4097883584254904,1.1919365639445376,1.0076609014534856,0.8518746072843011,0.7201731708444983,0.6088330272663321,0.5147062819010843,0.435131710607002,0.3678595195621935,0.31098773735372576,0.262908440970871,0.2222622953621933,0.18790012126367664,0.15885040471380832,0.13429182965949824,0.11353005707342718,0.0959780940640718,0.08113969795869966,0.0685953461467362,0.05799037501206347,0.049024952608971786,0.04144560158150297,0.035038032655605844,0.029621086087050625,0.025041609773032866,0.021170129217476446,0.01789718692794608,0.01513024774876765,0.01279108263554135,0.01081355690309655,0.009141760414524766,0.007728426846548566,0.006533597339474539
0.03658336959084749,0.03834883765095276,0.04015581317906527,0.04201080082261352,0.04392162568393004,0.045897534732384414,0.04794931576742281,0.05008943895546628,0.05233222668884645,0.05469405840523292,0.05719361811224792,0.059852193748054124,0.06269403925279629,0.06574681242474704,0.06904210441157407,0.0726160801969352,0.07651025388427254,0.08077242821011499,0.08545783487019537,0.09063052134626118,0.09636504154598367,0.10274852245695183,0.10988319815185367,0.11788952716858504,0.12691004126220767,0.13711411510733953,0.14870390083951548,0.16192174257322903,0.17705947993323054,0.19447017396507862,0.21458295420428009,0.23792190684083336,0.265130221093622,0.29700121229756266,0.3345183852087327,0.37890744502532353,0.4317041848626661,0.49484358813345153,0.570777441464764,0.662630487069407,0.7744089836527657,0.9112809734792622,1.0799552754865203,1.289197280236096,1.5501598388941178,1.8703854063938279,2.2493372383980215,2.677833203061193,3.1344012336983913,3.582650247991251,3.972075829060839,4.263375636055177,4.450389414632904,4.540866143214961,4.5515946772205504,4.5046451060726325,4.423996416898818,4.324203931669772,4.1978227492826194,4.035830467644296,3.831748362219822,3.5824542581280103,3.2888820202585407,2.9580975763405393,2.6110330686210523,2.2694494608243345,1.9490015997657957,1.6594443053528363,1.4055530489749166,1.1882739441104004,1.0044956414619812,0.8491404685907784,0.7178125077269003,0.6067957132043077,0.5129487625245038,0.4336161697418398,0.3665531460417591,0.3098620813728077,0.2619388498216578,0.22142741939225255,0.18718148183094968,0.15823201677820772,0.13375987244460014,0.11307258695611704,0.0955847945073664,0.08080166189671842,0.0683048867648969,0.05774086134427473,0.0488106668012539,0.04126161505242707,0.03488009872241572,0.029485546926353363,0.02492531585030943,0.021070369553919024,0.01781162877954893,0.015056884454190653,0.01272818854877287,0.01075964846685284,0.00909556255288268,0.007688843962538835,0.006499688297073322
0.03708494584328876,0.038795715334901046,0.04054811443227171,0.042349114217097764,0.04420697012125933,0.04613132239118913,0.04813331542223095,0.05022574087598417,0.05242321021458866,0.054742363179843885,0.05720211986202216,0.05982398540616531,0.06263241816983303,0.06565527437175654,0.06892434507788243,0.07247600491488225,0.07635199637980761,0.08060037928483697,0.08527668206972702,0.09044530086445758,0.09618120385670785,0.10257201345654038,0.1097205579358977,0.11774800895317464,0.12679775338412266,0.13704018948254398,0.1486786916931203,0.1619570596217939,0.17716886040986093,0.19466919777937192,0.2148896058826969,0.23835698631854357,0.2657178023303694,0.29776914313775216,0.3354988124553847,0.3801373331087367,0.4332257712885272,0.4967046787171015,0.5730313848654404,0.6653355683878186,0.7776268207002113,0.9150732553159081,1.0843778017019305,1.2942896637712327,1.5559284148860222,1.87678002839809,2.256230971899753,2.6850130962878915,3.1415803708847148,3.589509458474675,3.97833349115317,4.2688306780063385,4.454896067243959,4.544313197475282,4.553885368000726,4.505678706930923,4.423651574944844,4.3223625743649325,4.194464314038939,4.0310546277789205,3.8257763260642417,3.57561722689867,3.281594099854273,2.950802183836357,2.6040825353504453,2.263065484951018,1.9432926304272382,1.6544321914696343,1.4012008904713142,1.1845106787355,1.0012437450204374,0.8463317848790844,0.7153877301695365,0.6047032778642949,0.5111438718318038,0.43205993298723305,0.36521182387247636,0.3087064226809523,0.26094351051938336,0.22057045360715438,0.1864438970244172,0.1575973851854289,0.1332139920569874,0.11260318601656484,0.0951812741686847,0.08045487230744608,0.06800693239865362,0.05748493188332368,0.04859089032658362,0.04107293068594594,0.03471814621617636,0.02934657100327733,0.024806083374610752,0.02096809785100347,0.01772392363799172,0.01498168652958322,0.012663727053617978,0.010704401174852066,0.009048221272223175,0.007648284743237251,0.006464945733943463
0.037608063898583864,0.03926079453496083,0.04095558783353433,0.042699865763447024,0.04450229597628052,0.04637289225304624,0.04832313504711446,0.05036611691902471,0.052516718381620656,0.05479182057643946,0.057210562333876114,0.059794650592403964,0.0625687349425575,0.06556085931495834,0.0688030066699923,0.0723317561246805,0.07618907646800181,0.08042328572599633,0.08509021367420969,0.09025461339005608,0.09599187965725603,0.10239014702121155,0.10955285952813977,0.1176019289588323,0.1266816304153933,0.13696342573967538,0.14865195952573088,0.16199254359821566,0.17728053939941915,0.1948731714218326,0.21520446911016508,0.23880425391163476,0.26632238221191845,0.2985598512678851,0.33650891229350394,0.38140506633284027,0.4347948202265075,0.4986244592069888,0.5753570024460953,0.6681271675346026,0.7809478956079886,0.9189872393174667,1.088941860501711,1.2995440063793158,1.5618786048568307,1.883373152496251,2.2633349188525473,2.692407275356855,3.148968411791188,3.5965624347690373,3.9847619427156653,4.2744286139833125,4.4595145105535,4.547838705526305,4.556219292143592,4.506718277930955,4.423272838620954,4.320445150650508,4.190988391024201,4.02612408256326,3.8196197487207257,3.5685757772082765,3.274093488993338,2.9432975998800304,2.5969352429226316,2.256502493114306,1.9374247025543894,1.649281279817096,1.396728747966336,1.180644089239026,0.99790292478135,0.8434466037339107,0.7128971723438364,0.6025543005164207,0.5092903986098583,0.4304619681477485,0.3638346737488376,0.3075200124915273,0.25992178565166585,0.21969085559337995,0.18568690542943714,0.15694611755610885,0.13265385493376333,0.11212157078366007,0.09476729222284841,0.08009912465978011,0.06770130939455214,0.05722243923644714,0.04836549811889421,0.04087944239187239,0.034552085169522496,0.029204082044898348,0.024683847701251208,0.020863259334836782,0.017634025105842437,0.014904614683778197,0.012597664885840248,0.010647786872924577,0.008999712749833388,0.007606729036384933,0.0064293526072877
0.03815384837503229,0.039744963535464986,0.04137892423622525,0.04306358261644013,0.04480799566725773,0.046622526619461334,0.04851896754221841,0.050510687828675606,0.0526128139737134,0.05484244696454853,0.057218924754585454,0.05976413873604826,0.06250291494336922,0.06546347300201691,0.06867797870775931,0.07218320973375837,0.07602135851573323,0.08024100211511401,0.08489827613868335,0.090058299033091,0.09579690483944017,0.10220275752854524,0.10937993931972909,0.11745113020878896,0.12656152801326748,0.13688369987916543,0.1486236104568789,0.1620281429825602,0.17739452288901889,0.195082176916832,0.21552772437316484,0.23926401541685813,0.2669444236370283,0.29937399389263375,0.33754957919877165,0.3827118252969435,0.43641285289075743,0.500604850716367,0.5777566775391542,0.671008192307116,0.7843756977403871,0.9230270405276011,1.093652212036101,1.3049656911493055,1.5680163281894721,1.8901710700552934,2.2706555019690304,2.7000219908198075,3.1565711059267576,3.603814132253725,3.9913651604327867,4.280172375299411,4.464246615071119,4.551443483096481,4.558596218114896,4.5077625370348295,4.422857855997566,4.318448237122803,4.187390580781728,4.021033643999575,3.813272907604659,3.5613239411675535,3.266374266424162,2.935578208973363,2.589586053159801,2.2497559069450856,1.9313938145562153,1.643988118966856,1.3921336680061525,1.1766716560363746,0.9944710325278074,0.840483094381898,0.7103392746857281,0.600347453189552,0.5073872125550692,0.4288213135521025,0.3624208777957571,0.30630215549276335,0.25887308432707345,0.2187881233849017,0.18491008077845508,0.15627785203561154,0.13207915400851514,0.11162748077462568,0.09434262777974854,0.0797342317019429,0.06738785906982996,0.05695324897580479,0.048134376335339395,0.040681053791617204,0.03438183401540031,0.029058011041644294,0.024558550463541655,0.020755804655933303,0.017541891470948652,0.014825633671136705,0.012529972273215497,0.010589780420192452,0.008950015762414179,0.00756415893144709,0.006392893807011262
0.038723500581348984,0.04024916773384873,0.041818856266208314,0.04344082179104172,0.04512448230945782,0.04688052150968983,0.04872101426397792,0.050659578880542865,0.05271156140900686,0.05489425822986583,0.05722718432932713,0.05973239613029359,0.06243487959405257,0.06536301661978265,0.06854914567140752,0.07203023620827631,0.07584870108573633,0.08005337688072668,0.08470070941800839,0.08985619105716892,0.09559610811428325,0.10200967187591296,0.10920162599330493,0.11729544791128889,0.12643729410240595,0.13680088052562575,0.14859354396769103,0.16206380086404001,0.1775108133875553,0.19529629557056769,0.21585955525810144,0.2397365848455363,0.26758440439363973,0.30021225162218323,0.3386217416985407,0.38405883770270427,0.4380814532835526,0.5026478556084143,0.5802328959503023,0.6739816766990968,0.7879138682466872,0.9271969520563756,1.0985138195724071,1.3105603251718612,1.5743477408165023,1.8971803089754362,2.2781993648145273,2.7078636813290493,3.164394342585474,3.6112695875089904,3.99814714227942,4.2860648610851255,4.46909417437711,4.555128233025723,4.561015773098223,4.508810038336195,4.422404092856706,4.3163682139381985,4.1836662802826226,4.01577792208914,3.8067298883748286,3.553855576471406,3.258430358267072,2.927638266188131,2.5820297205059783,2.2428210602390224,1.9251958936118752,1.6385492000296733,1.3874126509528113,1.172590822559206,0.9909458905601771,0.8374394026681221,0.7077124591986513,0.5980813934826198,0.5054331721602585,0.42713699891652884,0.3609696115979706,0.3050521514823227,0.2577968120696982,0.21786175245890863,0.18411299504989395,0.15559222563692438,0.13148958155881987,0.11112065521100466,0.0939070599216971,0.07936000634978149,0.06706642304730714,0.05667722707248441,0.04789741159089507,0.04047766899699605,0.03420731168992505,0.028908289485210254,0.024430133783557472,0.020645684933654068,0.017447481465148275,0.014744708662122063,0.01246061983015321,0.010530357032450264,0.008899109413685677,0.007520556816136905,0.006355554493774753
0.03931830576068498,0.04077441500063136,0.042276162286249766,0.04383217310443929,0.04545219191771774,0.04714718833665737,0.048929486333424865,0.05081292094051409,0.05281302763646018,0.05494727057270473,0.05723531698961208,0.05969936666495783,0.0623645471100203,0.06525938757097097,0.06841638782782694,0.07187270146416483,0.07567095790683104,0.07986025336273839,0.08449734814186505,0.08964811718433627,0.0953893124698728,0.10181071111972899,0.10901774237896418,0.11713471157645877,0.12630877130806645,0.136714831746862,0.1485616561928222,0.16209945881468474,0.17762941451671996,0.1955156134477174,0.216200155021711,0.2402222923439894,0.268242826743545,0.301075340104779,0.3397263765186512,0.38544739557988394,0.4398022891810903,0.504755583060779,0.5827882770834301,0.6770508187611631,0.7915662460642248,0.9315015009145983,1.1035319171986706,1.3163338215957134,1.580879334668189,1.9044077537111235,2.285973514859932,2.715939140482173,3.1724443392768635,3.618934121848125,4.005112114596445,4.292109134358687,4.474059076671015,4.558893681545848,4.5634775368056415,4.509859219738284,4.421908833536341,4.31420122031419,4.179810596573093,4.010351202225334,3.7999844336994424,3.5461641958460026,3.250255358507784,2.919471719041615,2.574260723261568,2.235693044473728,1.9188266577886766,1.6329608357206324,1.3825625460169393,1.1683989045128056,0.9873252133031842,0.8343135833653073,0.70501507103122,0.5957547141642581,0.5034270812534445,0.42540800788272987,0.359480011921815,0.3037692675661415,0.2566923468828069,0.2169112151342184,0.18329520074271677,0.15488885899479143,0.13088481609719235,0.11060082175033584,0.09346035802018417,0.07897625336797717,0.06673683611072723,0.056394233761866086,0.04765448569229964,0.0402691880908791,0.03402843375478148,0.02875484604234724,0.024298537419545786,0.02053284931032346,0.017350752167548868,0.014661803446263092,0.012389577017814134,0.010469490962891853,0.008846972004328567,0.007475904408608822,0.006317319270289528
0.03993963592068254,0.0413217769469681,0.042751666631399,0.04423825877470463,0.04579158265862846,0.04742285302153733,0.04914460375954758,0.05097084969573507,0.05291728153736716,0.05500150011596243,0.05724329722343943,0.05966499187954535,0.06229183276569252,0.06515247993282293,0.06827958185695455,0.07171046763052032,0.07548797873935555,0.07966147074122874,0.08428802256490144,0.08943390052131561,0.09517633602521902,0.10160569120521384,0.10882810600486452,0.11696874532923224,0.12617579696926912,0.1366254127015348,0.14852783913309003,0.16213505559350666,0.17775032912908426,0.19574021882137033,0.216549723285669,0.24072148003957414,0.26892021231898794,0.3019640038630549,0.340864501235193,0.38687884661091426,0.44157710196321986,0.5069302371992463,0.5854255601328088,0.6802189645501019,0.7953368492560767,0.9359454262968127,1.1087119845393423,1.322292370223901,1.5876179036416445,1.9118606063872372,2.2939852800899576,2.724255470044691,3.180727593533099,3.6268132943493954,4.01226448916969,4.298308385503654,4.479143276235286,4.562740558600977,4.5659810309858875,4.510908401679757,4.421369188855127,4.311943171663818,4.175818372814609,4.004747479315568,3.793029984012348,3.5382430123683686,3.2418425763129566,2.9110722540656333,2.5662733072453934,2.2283667482526104,1.9122816506994957,1.6272191902245743,1.3775800766964923,1.1640931114557802,0.9836066256105741,0.8311036157022841,0.7022453916520097,0.5933659543518808,0.5013676984845059,0.42363328606915956,0.3579511835489747,0.30245274395929866,0.25555904417338837,0.2159359647522481,0.182456234426391,0.15416735938014495,0.1302645249309661,0.11006769866018509,0.0930022835823462,0.07858277093840887,0.06639892753698613,0.05610412467533694,0.047405476599488815,0.04005550794400993,0.03384511309121495,0.028597607144523324,0.02416369926696363,0.02041724537698173,0.017251659366321226,0.014576880739608155,0.012316812405395283,0.010407155724166069,0.008793581220705993,0.007430182917854767,0.006278172317642888
0.04058895365942352,0.04189239093804517,0.04324624039349514,0.04465973340857504,0.04614313435681949,0.04770785524435217,0.04936659459226504,0.051133504817074196,0.05302439316640923,0.05505696226572298,0.057251097575694306,0.05962921060841231,0.06221664867824895,0.06504218436486457,0.06813860086261292,0.07154339313758078,0.07529960951017518,0.07945686418470717,0.08407255869100574,0.08921335961914732,0.09495699198118003,0.10139442276087231,0.1086325286837242,0.11679736723230477,0.12603820213833716,0.13653247625085374,0.1484919788099399,0.16217052476899396,0.1778735563178529,0.19597019848223254,0.2169084615489428,0.2412344966491429,0.26961709570609915,0.3028790087122427,0.3420371653611399,0.38835458368331877,0.44340769437869204,0.5091741027534515,0.5881475872121298,0.6834895881865374,0.7992298512840351,0.9405336511385446,1.1140597123927984,1.3284423956990896,1.5945704924475153,1.9195463244072701,2.302242234055766,2.7328199923051026,3.1892507842372666,3.634912796131197,4.019608756782201,4.304665832461343,4.484348706741749,4.566669529167065,4.568525671886546,4.5119557622647575,4.420782094238603,4.309589780270924,4.171684230235927,3.998960518683518,3.785859753876079,3.5300850267090462,3.2331851287600784,2.902433389424237,2.558061573866037,2.220836938035692,1.9055563135376765,1.6213203422853768,1.372461895420904,1.159670593933486,0.979787703398874,0.8278074383825419,0.6994016690190005,0.5909136254952504,0.49925375969678254,0.4218117603270195,0.3563822158459863,0.3011018082398392,0.25439624901058855,0.2149354462166081,0.18159562580032215,0.1534273284853027,0.12962837085085366,0.10952100056318251,0.09253259518444089,0.07817935489575854,0.06605252473178966,0.055806753960314245,0.04715026110255795,0.03983652451135809,0.03365726186949878,0.028436498676711417,0.02402555680631343,0.020298820414417766,0.017150158622276254,0.01448990309605992,0.012242294450880133,0.010343324757140993,0.008738914707609772,0.0073833735341388845,0.006238097815184306
