x1,x2,x3,x4,x5,x6,x7,x8,x9,x10,x11,x12,x13,x14,x15,x16,x17,x18,x19,x20,x21,x22
2.6619672718851214e-10,1.8804816373027985e-9,7.623377004993053e-9,3.004663898340844e-8,7.121672619327055e-8,1.1751871420627178e-7,1.7375299552576e-7,2.3767818643133766e-7,3.160290101046505e-7,4.058346652840869e-7,5.129098677816762e-7,6.386292066804665e-7,7.923026951341224e-7,9.692080577785265e-7,1.1820461309531555e-6,1.4405960018515252e-6,1.7458578531685382e-6,2.1604495916450403e-6,2.6970682893914965e-6,3.511639534135254e-6,4.9741706574225105e-6,9.204703251148887e-7
1.8804816373027985e-9,1.5534519007666484e-8,6.98375731457481e-8,2.971514856085174e-7,7.299176479616596e-7,1.2250844558704563e-6,1.8323728467056405e-6,2.527418235009097e-6,3.3837450638577166e-6,4.369395110678326e-6,5.54867753178758e-6,6.9374388970464985e-6,8.639478780214437e-6,1.0603386623437173e-5,1.2971063621948291e-5,1.5852656179078457e-5,1.9260640674828553e-5,2.3896702155901567e-5,2.9906740750395462e-5,3.9044163322091874e-5,5.547832186827554e-5,1.043963232501643e-5
7.623377004993053e-9,6.98375731457481e-8,3.4753950324518835e-7,1.6269478796160265e-6,4.194766833816968e-6,7.208180719556231e-6,1.0957393622282823e-5,1.5291343500020393e-5,2.0671727960248856e-5,2.6902785912953014e-5,3.43958680429873e-5,4.3258436695578365e-5,5.41619878482982e-5,6.678565833125352e-5,8.205015900641894e-5,0.00010067848129264039,0.00012276386714325368,0.00015287819814258075,0.00019200612476096346,0.00025162964704496943,0.00035913165132920845,6.919750218343555e-5
3.004663898340844e-8,2.971514856085174e-7,1.6269478796160265e-6,8.604024878789773e-6,2.383931502603036e-5,4.2482771204235656e-5,6.623703078237778e-5,9.415113352299934e-5,0.00012924102752503134,0.0001702891494137243,0.00022006126012206608,0.0002793478107078675,0.000352742478147868,0.00043818047470287183,0.0005419895592862524,0.0006692297560381705,0.0008206781305771594,0.0010279586615770438,0.0012982573313704256,0.0017116284655842493,0.0024598722375054716,0.0004916501004991335
7.121672619327055e-8,7.299176479616596e-7,4.194766833816968e-6,2.383931502603036e-5,6.94395060497701e-5,0.00012718028770443827,0.00020224079605129193,0.00029168593735409595,0.00040532697739121935,0.0005394049120716105,0.0007031256846175546,0.0008993166550245568,0.001143476194601561,0.001429013094552325,0.0017773562493023645,0.0022058988591816165,0.002717663468690155,0.0034202945409424024,0.004339320349534058,0.005749031724606216,0.008309092752230861,0.001710663950508102
1.1751871420627178e-7,1.2250844558704563e-6,7.208180719556231e-6,4.2482771204235656e-5,0.00012718028770443827,0.00023674767119041414,0.00038110789203933936,0.0005547881066793017,0.000777083746758353,0.0010409224308860477,0.001364679254253558,0.0017542779117128643,0.0022409244148828807,0.0028118830598380146,0.003510409804051606,0.004371975781086319,0.005403239274672941,0.006822231512519532,0.00868217135283065,0.01154116090587068,0.016744944073682995,0.003517631864549203
1.7375299552576e-7,1.8323728467056405e-6,1.0957393622282823e-5,6.623703078237778e-5,0.00020224079605129193,0.00038110789203933936,0.0006193984811043966,0.0009084437148944083,0.0012807816289730886,0.0017250247536127687,0.00227253399940964,0.002933853520527262,0.003762626051375955,0.004737792814699307,0.0059338720201539885,0.007412525294151121,0.009186088774027863,0.011631265907924616,0.014842345474006343,0.019787496347999832,0.02880668179712919,0.006159381414944383
2.3767818643133766e-7,2.527418235009097e-6,1.5291343500020393e-5,9.415113352299934e-5,0.00029168593735409595,0.0005547881066793017,0.0009084437148944083,0.0013403984935193177,0.0018999404976491234,0.0025706341276404768,0.003400445847906685,0.004406111855748613,0.005670161942184929,0.007161375269010315,0.008994616334578402,0.011265704475121204,0.013994877357601536,0.017764258407865798,0.022722844910201018,0.030372238558274336,0.044349277859097674,0.009633510328959006
3.160290101046505e-7,3.3837450638577166e-6,2.0671727960248856e-5,0.00012924102752503134,0.00040532697739121935,0.000777083746758353,0.0012807816289730886,0.0018999404976491234,0.0027062785119107394,0.0036771877720185127,0.004883089799232475,0.006349477643465694,0.008198158272340782,0.010384855834340897,0.013079415613696854,0.01642468579667416,0.020452461181785946,0.026025601597979776,0.03336998101072454,0.04471969962541634,0.06549729537597564,0.014455809646010663
4.058346652840869e-7,4.369395110678326e-6,2.6902785912953014e-5,0.0001702891494137243,0.0005394049120716105,0.0010409224308860477,0.0017250247536127687,0.0025706341276404768,0.0036771877720185127,0.005015201204286106,0.006683153595608898,0.008717970357443726,0.011290741110560722,0.014341804332182047,0.01811013831146947,0.022798340754969885,0.028453769457732418,0.036293230310666495,0.046642268022162446,0.06266301576918341,0.09204670107880375,0.020632867948346796
5.129098677816762e-7,5.54867753178758e-6,3.43958680429873e-5,0.00022006126012206608,0.0007031256846175546,0.001364679254253558,0.00227253399940964,0.003400445847906685,0.004883089799232475,0.006683153595608898,0.008935233002478005,0.011691614922041259,0.015187049368529878,0.019343323666431756,0.024488894029419343,0.03090449196267917,0.0386589901912913,0.04942842055370828,0.06367129044208047,0.08575977075287965,0.1263515352124508,0.028776784113655345
6.386292066804665e-7,6.9374388970464985e-6,4.3258436695578365e-5,0.0002793478107078675,0.0008993166550245568,0.0017542779117128643,0.002933853520527262,0.004406111855748613,0.006349477643465694,0.008717970357443726,0.011691614922041259,0.015342862930357382,0.019986875038184474,0.025523757059240666,0.0323951952881702,0.040981830331619694,0.05138157991647488,0.06585287219920567,0.08502766295379498,0.11482055831960962,0.16968160755562708,0.03927711270725654
7.923026951341224e-7,8.639478780214437e-6,5.41619878482982e-5,0.000352742478147868,0.001143476194601561,0.0022409244148828807,0.003762626051375955,0.005670161942184929,0.008198158272340782,0.011290741110560722,0.015187049368529878,0.019986875038184474,0.0261105803474741,0.03343232170452471,0.04254223160217258,0.053953330928608136,0.0678041495578933,0.08711807087357451,0.11276157979279099,0.15268606573334947,0.22636475390943667,0.05330952249853917
9.692080577785265e-7,1.0603386623437173e-5,6.678565833125352e-5,0.00043818047470287183,0.001429013094552325,0.0028118830598380146,0.004737792814699307,0.007161375269010315,0.010384855834340897,0.014341804332182047,0.019343323666431756,0.025523757059240666,0.03343232170452471,0.042914398200853,0.054742493819375126,0.06959400639345885,0.08766062760568898,0.11290687017071036,0.14649641155216347,0.19890039195950593,0.295826091037741,0.07088561573353562
1.1820461309531555e-6,1.2971063621948291e-5,8.205015900641894e-5,0.0005419895592862524,0.0017773562493023645,0.003510409804051606,0.0059338720201539885,0.008994616334578402,0.013079415613696854,0.01811013831146947,0.024488894029419343,0.0323951952881702,0.04254223160217258,0.054742493819375126,0.07000155079651221,0.08920912625651506,0.11262920954790638,0.14543032651835325,0.18916786920290954,0.25755487560199847,0.38434562216606616,0.09378889861819602
1.4405960018515252e-6,1.5852656179078457e-5,0.00010067848129264039,0.0006692297560381705,0.0022058988591816165,0.004371975781086319,0.007412525294151121,0.011265704475121204,0.01642468579667416,0.022798340754969885,0.03090449196267917,0.040981830331619694,0.053953330928608136,0.06959400639345885,0.08920912625651506,0.11396452083974942,0.14422315232592162,0.18670377512012967,0.24348181668740332,0.33246911907676224,0.49787803831424915,0.12385173436031052
1.7458578531685382e-6,1.9260640674828553e-5,0.00012276386714325368,0.0008206781305771594,0.002717663468690155,0.005403239274672941,0.009186088774027863,0.013994877357601536,0.020452461181785946,0.028453769457732418,0.0386589901912913,0.05138157991647488,0.0678041495578933,0.08766062760568898,0.11262920954790638,0.14422315232592162,0.1829363655945307,0.23742004533302627,0.3104181682532837,0.42510817492327674,0.6388641036815111,0.162076398386802
2.1604495916450403e-6,2.3896702155901567e-5,0.00015287819814258075,0.0010279586615770438,0.0034202945409424024,0.006822231512519532,0.011631265907924616,0.017764258407865798,0.026025601597979776,0.036293230310666495,0.04942842055370828,0.06585287219920567,0.08711807087357451,0.11290687017071036,0.14543032651835325,0.18670377512012967,0.23742004533302627,0.30899841801969485,0.40517220711079044,0.5567105358008612,0.8400361224785858,0.21801902048760813
2.6970682893914965e-6,2.9906740750395462e-5,0.00019200612476096346,0.0012982573313704256,0.004339320349534058,0.00868217135283065,0.014842345474006343,0.022722844910201018,0.03336998101072454,0.046642268022162446,0.06367129044208047,0.08502766295379498,0.11276157979279099,0.14649641155216347,0.18916786920290954,0.24348181668740332,0.3104181682532837,0.40517220711079044,0.5328739286793354,0.734723580338819,1.1134268021833158,0.2961638066485155
3.511639534135254e-6,3.9044163322091874e-5,0.00025162964704496943,0.0017116284655842493,0.005749031724606216,0.01154116090587068,0.019787496347999832,0.030372238558274336,0.04471969962541634,0.06266301576918341,0.08575977075287965,0.11482055831960962,0.15268606573334947,0.19890039195950593,0.25755487560199847,0.33246911907676224,0.42510817492327674,0.5567105358008612,0.734723580338819,1.017181113027799,1.5494063210841524,0.42467327870360744
4.9741706574225105e-6,5.547832186827554e-5,0.00035913165132920845,0.0024598722375054716,0.008309092752230861,0.016744944073682995,0.02880668179712919,0.044349277859097674,0.06549729537597564,0.09204670107880375,0.1263515352124508,0.16968160755562708,0.22636475390943667,0.295826091037741,0.38434562216606616,0.49787803831424915,0.6388641036815111,0.8400361224785858,1.1134268021833158,1.5494063210841524,2.375659022967703,0.6774758935701602
9.204703251148887e-7,1.043963232501643e-5,6.919750218343555e-5,0.0004916501004991335,0.001710663950508102,0.003517631864549203,0.006159381414944383,0.009633510328959006,0.014455809646010663,0.020632867948346796,0.028776784113655345,0.03927711270725654,0.05330952249853917,0.07088561573353562,0.09378889861819602,0.12385173436031052,0.162076398386802,0.21801902048760813,0.2961638066485155,0.42467327870360744,0.6774758935701602,0.2506192814570459
1.1745717231112036e-10,9.075722820737725e-10,3.832172233410947e-9,1.552015980095563e-8,3.724805039213022e-8,6.18328082595905e-8,9.17915234154234e-8,1.259234776430468e-7,1.6782504374201188e-7,2.159106045487729e-7,2.732918657810624e-7,3.407046460959469e-7,4.231369779681912e-7,5.180461825035422e-7,6.322345858865569e-7,7.709293115158361e-7,9.346397985638109e-7,1.1569022275011032e-6,1.4444569228564953e-6,1.8807488190496823e-6,2.6637188713080226e-6,4.921506759135765e-7
9.075722820737725e-10,8.612438858786832e-9,4.118118557443424e-8,1.8197419360257185e-7,4.542907463995312e-7,7.68178892808208e-7,1.1546863100262358e-6,1.5982147753764946e-6,2.1456984891731365e-6,2.7767624416871807e-6,3.5325693203644964e-6,4.423280844709341e-6,5.515435863745426e-6,6.775933465911214e-6,8.295710186005867e-6,1.0145230227309676e-5,1.2332157309255903e-5,1.5306198284588658e-5,1.9160118858075918e-5,2.5016931731013783e-5,3.55462183627212e-5,6.6823086780364265e-6
3.832172233410947e-9,4.118118557443424e-8,2.1903350937573166e-7,1.0622118275938474e-6,2.7754427729127414e-6,4.796784330927133e-6,7.3186385192182755e-6,1.0238847684589336e-5,1.3868401858934118e-5,1.807528358751751e-5,2.3136782280928386e-5,2.912502064246092e-5,3.6492778744388794e-5,4.5021807889255286e-5,5.533253479468524e-5,6.791066721404213e-5,8.281577734106409e-5,0.00010312748235483087,0.0001295012858892949,0.0001696619990172958,0.00024202080177145364,4.646579196798745e-5
1.552015980095563e-8,1.8197419360257185e-7,1.0622118275938474e-6,5.7944668702217715e-6,1.6270508399790774e-5,2.9177105176306678e-5,4.568153499776352e-5,6.512135344975461e-5,8.959820428821245e-5,0.00011826501548757279,0.0001530517294950558,0.0001945092621128765,0.0002458452300774895,0.00030560684338669733,0.0003782101426051533,0.0004671773719789504,0.0005730295620831196,0.0007178317367306874,0.0009065485403184221,0.0011949808673899494,0.0017167586401370123,0.00034228535794345705
3.724805039213022e-8,4.542907463995312e-7,2.7754427729127414e-6,1.6270508399790774e-5,4.830046152890589e-5,8.93830976765807e-5,0.00014317813558446406,0.00020759273351994806,0.0002897194639274301,0.0003868746473525717,0.0005057454652395756,0.0006484071763030766,0.0008261482873110483,0.001034172035366427,0.0012880864578015355,0.0016005566089308007,0.001973751157323127,0.00248611842182905,0.0031562059564630273,0.004183916512523386,0.00605008171376927,0.001248364458570974
6.18328082595905e-8,7.68178892808208e-7,4.796784330927133e-6,2.9177105176306678e-5,8.93830976765807e-5,0.00016862739969346742,0.0002740942280088887,0.00040184661021335627,0.0005661746306961913,0.0007619609746149649,0.001002912310556751,0.001293529117637218,0.0016571841156554346,0.002084414013752059,0.0026076289961911134,0.003253442552351071,0.004026841117159842,0.005091367657365426,0.006487003672374706,0.008632701985438052,0.01253926249917412,0.002648735375103712
9.17915234154234e-8,1.1546863100262358e-6,7.3186385192182755e-6,4.568153499776352e-5,0.00014317813558446406,0.0002740942280088887,0.00045070087230912435,0.0006667700090712863,0.0009468759125523677,0.0012827238133176003,0.0016982141998720848,0.0022015888732740893,0.002833941549518057,0.003579385505703439,0.0044950472751828655,0.00562833245369002,0.0069888040870357436,0.008865699863828362,0.011331826177269069,0.015131645430197314,0.022066204715311583,0.004758413673351181
1.259234776430468e-7,1.5982147753764946e-6,1.0238847684589336e-5,6.512135344975461e-5,0.00020759273351994806,0.00040184661021335627,0.0006667700090712863,0.0009936393163322765,0.0014202767652260206,0.0019346960546067836,0.0025740901448147715,0.00335184826304803,0.004332349184465551,0.005491786949312121,0.0069198533621451196,0.008691681683732518,0.010823399724214486,0.013770447409653865,0.017650470829330356,0.023640735663657143,0.03459634999751358,0.0075989541017852285
1.6782504374201188e-7,2.1456984891731365e-6,1.3868401858934118e-5,8.959820428821245e-5,0.0002897194639274301,0.0005661746306961913,0.0009468759125523677,0.0014202767652260206,0.0020422132534563186,0.0027962592976580277,0.0037378770458589257,0.004887896444053394,0.0063428903505913835,0.008068826140559092,0.010200533418594403,0.012852029646595335,0.01604928306709224,0.020478847114148116,0.02632270293139403,0.03536324154845275,0.05193390214546236,0.01161955158682498
2.159106045487729e-7,2.7767624416871807e-6,1.807528358751751e-5,0.00011826501548757279,0.0003868746473525717,0.0007619609746149649,0.0012827238133176003,0.0019346960546067836,0.0027962592976580277,0.0038461695880374343,0.005163037737560358,0.006777591011366668,0.008827371983083289,0.011266280242758038,0.014286721078892532,0.01805288940251597,0.02260427624488376,0.028923104701056086,0.037276250781778646,0.050224532232044136,0.07400908160643141,0.016855890755986848
2.732918657810624e-7,3.5325693203644964e-6,2.3136782280928386e-5,0.0001530517294950558,0.0005057454652395756,0.001002912310556751,0.0016982141998720848,0.0025740901448147715,0.0037378770458589257,0.005163037737560358,0.0069583439795762965,0.00916804223536866,0.01198324167664889,0.015343336121486629,0.019516169603375537,0.02473244155135199,0.031050667036749843,0.03984149493198146,0.05148680310361969,0.06957574642715103,0.10287762134793257,0.023859882277919603
3.407046460959469e-7,4.423280844709341e-6,2.912502064246092e-5,0.0001945092621128765,0.0006484071763030766,0.001293529117637218,0.0022015888732740893,0.00335184826304803,0.004887896444053394,0.006777591011366668,0.00916804223536866,0.012121499343967019,0.015897453542279602,0.020418472264027578,0.026048892290474468,0.033105462131407457,0.04167276887162388,0.05361943823397922,0.06947940320033746,0.09416773042801793,0.13972410370482377,0.03300618728843834
4.231369779681912e-7,5.515435863745426e-6,3.6492778744388794e-5,0.0002458452300774895,0.0008261482873110483,0.0016571841156554346,0.002833941549518057,0.004332349184465551,0.0063428903505913835,0.008827371983083289,0.01198324167664889,0.015897453542279602,0.02091980310456546,0.026952981095827857,0.03448903735607875,0.04395994341328484,0.05548722692083828,0.07159986231566799,0.09303987597840063,0.12649106039034222,0.18837055742419012,0.04536956751249007
5.180461825035422e-7,6.775933465911214e-6,4.5021807889255286e-5,0.00030560684338669733,0.001034172035366427,0.002084414013752059,0.003579385505703439,0.005491786949312121,0.008068826140559092,0.011266280242758038,0.015343336121486629,0.020418472264027578,0.026952981095827857,0.034827938610226525,0.04469361489412019,0.05712638615087911,0.07229668939135007,0.09355269210701322,0.12190291985667759,0.16623880214772221,0.24846041521760656,0.061012528341499145
6.322345858865569e-7,8.295710186005867e-6,5.533253479468524e-5,0.0003782101426051533,0.0012880864578015355,0.0026076289961911134,0.0044950472751828655,0.0069198533621451196,0.010200533418594403,0.014286721078892532,0.019516169603375537,0.026048892290474468,0.03448903735607875,0.04469361489412019,0.057516572883289076,0.07372233467829534,0.0935484870821027,0.1213987784853742,0.15863622648407968,0.2170146570022383,0.32556876754882486,0.08157844851480671
7.709293115158361e-7,1.0145230227309676e-5,6.791066721404213e-5,0.0004671773719789504,0.0016005566089308007,0.003253442552351071,0.00562833245369002,0.008691681683732518,0.012852029646595335,0.01805288940251597,0.02473244155135199,0.033105462131407457,0.04395994341328484,0.05712638615087911,0.07372233467829534,0.09475850298694517,0.12056514673029832,0.15691374704613464,0.20564174282368258,0.2822356874995419,0.4250690166096112,0.10878793807849745
9.346397985638109e-7,1.2332157309255903e-5,8.281577734106409e-5,0.0005730295620831196,0.001973751157323127,0.004026841117159842,0.0069888040870357436,0.010823399724214486,0.01604928306709224,0.02260427624488376,0.031050667036749843,0.04167276887162388,0.05548722692083828,0.07229668939135007,0.0935484870821027,0.12056514673029832,0.15380034627553726,0.20073982882374425,0.2638351717209574,0.36328187045061405,0.54927953924709,0.14362574220757302
1.1569022275011032e-6,1.5306198284588658e-5,0.00010312748235483087,0.0007178317367306874,0.00248611842182905,0.005091367657365426,0.008865699863828362,0.013770447409653865,0.020478847114148116,0.028923104701056086,0.03984149493198146,0.05361943823397922,0.07159986231566799,0.09355269210701322,0.1213987784853742,0.15691374704613464,0.20073982882374425,0.2628305386795008,0.34655195100352243,0.47892567578724476,0.7273651826692531,0.1949406108089299
1.4444569228564953e-6,1.9160118858075918e-5,0.0001295012858892949,0.0009065485403184221,0.0031562059564630273,0.006487003672374706,0.011331826177269069,0.017650470829330356,0.02632270293139403,0.037276250781778646,0.05148680310361969,0.06947940320033746,0.09303987597840063,0.12190291985667759,0.15863622648407968,0.20564174282368258,0.2638351717209574,0.34655195100352243,0.45845655870145596,0.6359977226093008,0.9704680901556799,0.26705842654763234
1.8807488190496823e-6,2.5016931731013783e-5,0.0001696619990172958,0.0011949808673899494,0.004183916512523386,0.008632701985438052,0.015131645430197314,0.023640735663657143,0.03536324154845275,0.050224532232044136,0.06957574642715103,0.09416773042801793,0.12649106039034222,0.16623880214772221,0.2170146570022383,0.2822356874995419,0.36328187045061405,0.47892567578724476,0.6359977226093008,0.8862366048262861,1.359861089417156,0.3863770569137183
2.6637188713080226e-6,3.55462183627212e-5,0.00024202080177145364,0.0017167586401370123,0.00605008171376927,0.01253926249917412,0.022066204715311583,0.03459634999751358,0.05193390214546236,0.07400908160643141,0.10287762134793257,0.13972410370482377,0.18837055742419012,0.24846041521760656,0.32556876754882486,0.4250690166096112,0.54927953924709,0.7273651826692531,0.9704680901556799,1.359861089417156,2.101434901498469,0.622701318068379
4.921506759135765e-7,6.6823086780364265e-6,4.646579196798745e-5,0.00034228535794345705,0.001248364458570974,0.002648735375103712,0.004758413673351181,0.0075989541017852285,0.01161955158682498,0.016855890755986848,0.023859882277919603,0.03300618728843834,0.04536956751249007,0.061012528341499145,0.08157844851480671,0.10878793807849745,0.14362574220757302,0.1949406108089299,0.26705842654763234,0.3863770569137183,0.622701318068379,0.24181746379375366
2.401686020214048e-10,1.6923589015080654e-9,6.8570866472977954e-9,2.7041243935642558e-8,6.41401582766347e-8,1.0590078690549739e-7,1.56655023515797e-7,2.1438428848200202e-7,2.851738908290052e-7,3.663461668095019e-7,4.6315896992459077e-7,5.768597410159299e-7,7.158679792801378e-7,8.759102363769722e-7,1.0684737951045698e-6,1.3023905646678619e-6,1.5785346931428222e-6,1.953490591111852e-6,2.4386314276866295e-6,3.174667060116445e-6,4.495201291966549e-6,8.276097576043716e-7
1.6923589015080654e-9,1.3955063140787254e-8,6.273469778204155e-8,2.671517761779561e-7,6.567628648411662e-7,1.1029550424844891e-6,1.6505633728099727e-6,2.2776681271695704e-6,3.0506431500957453e-6,3.940711704288631e-6,5.005967765650556e-6,6.26077353734903e-6,7.798903630368197e-6,9.573870595248529e-6,1.1713883646211935e-5,1.4318307195413878e-5,1.7398052804847732e-5,2.158650418628839e-5,2.7014177384681582e-5,3.526155451140485e-5,5.0083327602614715e-5,9.374554171848044e-6
6.8570866472977954e-9,6.273469778204155e-8,3.114155300314909e-7,1.4526957837351256e-6,3.7389472474756423e-6,6.420403054434691e-6,9.756134528845404e-6,1.3612085490368556e-5,1.8399072487066633e-5,2.3943094811490528e-5,3.061000050871387e-5,3.8495320486864826e-5,4.8195884162585325e-5,5.942554129893852e-5,7.300255347933558e-5,8.956795349765008e-5,0.00010920148416152984,0.00013596123549575363,0.00017071137223169313,0.00022362524863997558,0.00031893721810637995,6.1027598099924625e-5
2.7041243935642558e-8,2.671517761779561e-7,1.4526957837351256e-6,7.6028306574229e-6,2.0973627460644952e-5,3.7315554315945945e-5,5.812948589439051e-5,8.258520290933252e-5,0.00011332537527049357,0.00014928452286155181,0.00019288436183210816,0.0002448165327624522,0.000309100079018028,0.00038392130304477646,0.00047481580455283425,0.0005861990097609824,0.0007187277931077374,0.0009000297087187875,0.0011363110155068108,0.0014973760170773314,0.0021502675555962617,0.00042665388861441684
6.41401582766347e-8,6.567628648411662e-7,3.7389472474756423e-6,2.0973627460644952e-5,6.088103448709255e-5,0.00011144209215467633,0.00017722046408303994,0.00025565974267490496,0.00035537377658414934,0.0004730786152806282,0.0006168612428445068,0.0007892141327676212,0.0010037510689191829,0.0012546764310171936,0.0015608154200497902,0.0019374212738654736,0.0023870872151441854,0.0030042716445707455,0.0038111744608061017,0.005048101541614181,0.007292400326095828,0.0014927582204698213
1.0590078690549739e-7,1.1029550424844891e-6,6.420403054434691e-6,3.7315554315945945e-5,0.00011144209215467633,0.00020752078718594562,0.0003343195031602429,0.00048707421698958157,0.0006827893024888722,0.000915282920885461,0.0012007713349753114,0.001544514576182828,0.0019740636826772124,0.002478188104677661,0.003095087060726521,0.003856045960102789,0.004766839942151582,0.006019820604627884,0.007661586131413881,0.010183812643614377,0.014771011608767001,0.003088194441600314
1.56655023515797e-7,1.6505633728099727e-6,9.756134528845404e-6,5.812948589439051e-5,0.00017722046408303994,0.0003343195031602429,0.0005441147741029049,0.0007990730583326948,0.0011279782619429924,0.0015208748229527682,0.0020055629280530682,0.002591467466864426,0.0033261772880995074,0.004191072212940744,0.005252284996785885,0.006564492851349576,0.008138493871162599,0.010308304416011998,0.013157000396142147,0.01754197000388258,0.02553377518533524,0.0054378960644917915
2.1438428848200202e-7,2.2776681271695704e-6,1.3612085490368556e-5,8.258520290933252e-5,0.00025565974267490496,0.00048707421698958157,0.0007990730583326948,0.0011810397880771255,0.0016767292146806334,0.0022717827815614115,0.0030088915331575664,0.003903103729453965,0.00502794914388778,0.006355764792432088,0.007988937275321475,0.010012837601068221,0.012445319553359733,0.015804852266372068,0.02022344315109572,0.02703702776143842,0.03947890531761312,0.008547652481489558
2.851738908290052e-7,3.0506431500957453e-6,1.8399072487066633e-5,0.00011332537527049357,0.00035537377658414934,0.0006827893024888722,0.0011279782619429924,0.0016767292146806334,0.002392936556530412,0.0032568935022867372,0.004331527361290364,0.005639898954600235,0.007290990821974493,0.009245515058630315,0.011655522682155606,0.014648891058462135,0.018253890970132875,0.023242425870020577,0.029815736698709305,0.039970572134525005,0.05855042566458278,0.012890863819024975
3.663461668095019e-7,3.940711704288631e-6,2.3943094811490528e-5,0.00014928452286155181,0.0004730786152806282,0.000915282920885461,0.0015208748229527682,0.0022717827815614115,0.0032568935022867372,0.004450599599482814,0.00594123070904699,0.007762381927455011,0.010067729745782567,0.012804293290449327,0.016186874144148676,0.020397644426503634,0.025479021371976787,0.03252400171692515,0.04182416004777931,0.05621776316693186,0.08260482048974278,0.018486002628476987
4.6315896992459077e-7,5.005967765650556e-6,3.061000050871387e-5,0.00019288436183210816,0.0006168612428445068,0.0012007713349753114,0.0020055629280530682,0.0030088915331575664,0.004331527361290364,0.00594123070904699,0.007959171388221005,0.010433196099991862,0.013574965708857314,0.017315026960243646,0.021949761705626503,0.027732701104569525,0.03472597702034193,0.04444106785364515,0.05729078658855855,0.077215869674073,0.1138185809708211,0.025902475568822914
5.768597410159299e-7,6.26077353734903e-6,3.8495320486864826e-5,0.0002448165327624522,0.0007892141327676212,0.001544514576182828,0.002591467466864426,0.003903103729453965,0.005639898954600235,0.007762381927455011,0.010433196099991862,0.013719013843362726,0.017905033867725798,0.022902628235892612,0.029111843985249825,0.03687788952656905,0.04628970758561126,0.059391713461148576,0.07675577021501573,0.10373415248667302,0.15339955683628326,0.035513028064028056
7.158679792801378e-7,7.798903630368197e-6,4.8195884162585325e-5,0.000309100079018028,0.0010037510689191829,0.0019740636826772124,0.0033261772880995074,0.00502794914388778,0.007290990821974493,0.010067729745782567,0.013574965708857314,0.017905033867725798,0.023439702541862926,0.030067548449842715,0.038325055475714194,0.04867944874613608,0.06125742500849165,0.07880609067970022,0.10211353770366782,0.13840368121182475,0.20536572323235996,0.048418009253641134
8.759102363769722e-7,9.573870595248529e-6,5.942554129893852e-5,0.00038392130304477646,0.0012546764310171936,0.002478188104677661,0.004191072212940744,0.006355764792432088,0.009245515058630315,0.012804293290449327,0.017315026960243646,0.022902628235892612,0.030067548449842715,0.03867333176369768,0.0494246895612663,0.06294098744075377,0.0793986632610379,0.1024123919459379,0.13304565143133887,0.1808466015166567,0.2692565001664148,0.06465407969784706
1.0684737951045698e-6,1.1713883646211935e-5,7.300255347933558e-5,0.00047481580455283425,0.0015608154200497902,0.003095087060726521,0.005252284996785885,0.007988937275321475,0.011655522682155606,0.016186874144148676,0.021949761705626503,0.029111843985249825,0.038325055475714194,0.0494246895612663,0.06333114892281144,0.0808610690760297,0.10225892187715836,0.1322528104482594,0.17227084202858864,0.23486180923016114,0.3509184471424012,0.08589707056279587
1.3023905646678619e-6,1.4318307195413878e-5,8.956795349765008e-5,0.0005861990097609824,0.0019374212738654736,0.003856045960102789,0.006564492851349576,0.010012837601068221,0.014648891058462135,0.020397644426503634,0.027732701104569525,0.03687788952656905,0.04867944874613608,0.06294098744075377,0.0808610690760297,0.10351374062593531,0.13123709459278554,0.17019686203801992,0.22230724215585426,0.30401527377385,0.45592903427036957,0.11388390125257346
1.5785346931428222e-6,1.7398052804847732e-5,0.00010920148416152984,0.0007187277931077374,0.0023870872151441854,0.004766839942151582,0.008138493871162599,0.012445319553359733,0.018253890970132875,0.025479021371976787,0.03472597702034193,0.04628970758561126,0.06125742500849165,0.0793986632610379,0.10225892187715836,0.13123709459278554,0.16679570080946388,0.21689681790310175,0.284081844989828,0.38969932193075413,0.5866182283779902,0.14958516905753638
1.953490591111852e-6,2.158650418628839e-5,0.00013596123549575363,0.0009000297087187875,0.0030042716445707455,0.006019820604627884,0.010308304416011998,0.015804852266372068,0.023242425870020577,0.03252400171692515,0.04444106785364515,0.059391713461148576,0.07880609067970022,0.1024123919459379,0.1322528104482594,0.17019686203801992,0.21689681790310175,0.2828932232763101,0.3716587030121044,0.5116248644186395,0.7734494658340697,0.20199034621374093
2.4386314276866295e-6,2.7014177384681582e-5,0.00017071137223169313,0.0011363110155068108,0.0038111744608061017,0.007661586131413881,0.013157000396142147,0.02022344315109572,0.029815736698709305,0.04182416004777931,0.05729078658855855,0.07675577021501573,0.10211353770366782,0.13304565143133887,0.17227084202858864,0.22230724215585426,0.284081844989828,0.3716587030121044,0.4898289031163646,0.6767756888606791,1.0277540012377528,0.27538929220073993
3.174667060116445e-6,3.526155451140485e-5,0.00022362524863997558,0.0014973760170773314,0.005048101541614181,0.010183812643614377,0.01754197000388258,0.02703702776143842,0.039970572134525005,0.05621776316693186,0.077215869674073,0.10373415248667302,0.13840368121182475,0.1808466015166567,0.23486180923016114,0.30401527377385,0.38969932193075413,0.5116248644186395,0.6767756888606791,0.9390973324485409,1.4337991142613247,0.3963736728146227
4.495201291966549e-6,5.0083327602614715e-5,0.00031893721810637995,0.0021502675555962617,0.007292400326095828,0.014771011608767001,0.02553377518533524,0.03947890531761312,0.05855042566458278,0.08260482048974278,0.1138185809708211,0.15339955683628326,0.20536572323235996,0.2692565001664148,0.3509184471424012,0.45592903427036957,0.5866182283779902,0.7734494658340697,1.0277540012377528,1.4337991142613247,2.2041323127615726,0.6349124101157133
8.276097576043716e-7,9.374554171848044e-6,6.1027598099924625e-5,0.00042665388861441684,0.0014927582204698213,0.003088194441600314,0.0054378960644917915,0.008547652481489558,0.012890863819024975,0.018486002628476987,0.025902475568822914,0.035513028064028056,0.048418009253641134,0.06465407969784706,0.08589707056279587,0.11388390125257346,0.14958516905753638,0.20199034621374093,0.27538929220073993,0.3963736728146227,0.6349124101157133,0.2392115350118225
1.7009020655598736e-10,1.2917142110995968e-9,5.4147693835459575e-9,2.1813076857663316e-8,5.2207422211120124e-8,8.65473130060594e-8,1.2836200961719477e-7,1.759842413341753e-7,2.3443935049610479e-7,3.0152529118081135e-7,3.815938804449419e-7,4.7568495344092263e-7,5.907769758182386e-7,7.233450429562577e-7,8.829215862104084e-7,1.0768508650928924e-6,1.305889832107448e-6,1.6170264624513868e-6,2.0197882857165495e-6,2.631176449216446e-6,3.728851836770838e-6,6.915400718303503e-7
1.2917142110995968e-9,1.218521925812175e-8,5.8521522363217574e-8,2.5953191930089974e-7,6.488359416283021e-7,1.097823789750762e-6,1.6509160907357185e-6,2.2858979960464275e-6,3.0701057931059395e-6,3.974555434938989e-6,5.058447765112283e-6,6.336621396887626e-6,7.90490025064801e-6,9.716210398645902e-6,1.1901767137385283e-5,1.4563613448550627e-5,1.7713558391145244e-5,2.2000603956825682e-5,2.756019839845209e-5,3.6014898467540334e-5,5.122439646715165e-5,9.685128803756955e-6
5.4147693835459575e-9,5.8521522363217574e-8,3.161323739698449e-7,1.5477042528821793e-6,4.05707008343298e-6,7.020872947417275e-6,1.0721002662895098e-5,1.5008297773179076e-5,2.0340391411447614e-5,2.6524843878094494e-5,3.3970829612228126e-5,4.278643802044869e-5,5.3640778598016716e-5,6.621571216180036e-5,8.142997243105664e-5,0.00010000550189427594,0.00012203601348911313,0.00015208265732954794,0.00019112780286595165,0.0002506261601982114,0.00035789778250647496,6.912335369891413e-5
2.1813076857663316e-8,2.5953191930089974e-7,1.5477042528821793e-6,8.467092561083966e-6,2.3659379576115963e-5,4.2281989210433e-5,6.60271891536159e-5,9.394473297305051e-5,0.00012905310969221968,0.00017013865862189426,0.00021996965909239108,0.0002793377582005502,0.00035283910163623906,0.00043840368146187036,0.0005423685216717919,0.000669793513773153,0.0008214451918416183,0.0010289613149416731,0.0012994858016976952,0.0017130285600420888,0.002461194103639539,0.0004909429071151854
5.2207422211120124e-8,6.488359416283021e-7,4.05707008343298e-6,2.3659379576115963e-5,6.920053049064192e-5,0.00012685073546031092,0.00020176886305043365,0.0002910269969516566,0.00040441830684897345,0.0005382004504055493,0.0007015517149925924,0.0008972838900393544,0.0011408319825328447,0.001425601043963225,0.0017729496056708973,0.0022001753733956178,0.002710232291216963,0.003410269124334171,0.0043254900326558324,0.0057285632081131585,0.00827482969263089,0.0016979343603134305
8.65473130060594e-8,1.097823789750762e-6,7.020872947417275e-6,4.2281989210433e-5,0.00012685073546031092,0.00023612137899281738,0.00037997368232103336,0.0005529569632754045,0.0007742901125974655,0.001036943267356166,0.001359188260126175,0.00174689473725861,0.0022310509975171154,0.0027989356080764206,0.0034935365897545037,0.00435001740610574,0.005374860992454187,0.006784432762778626,0.008631083831763899,0.011467850974128474,0.01662732237748041,0.0034796153418140087
1.2836200961719477e-7,1.6509160907357185e-6,1.0721002662895098e-5,6.60271891536159e-5,0.00020176886305043365,0.00037997368232103336,0.0006171261606932026,0.0009046064390021758,0.0012747768369979694,0.0017163352591518207,0.0022604142304950624,0.0029174419770247296,0.0037405914302537533,0.00470885283232449,0.0058961514209363765,0.007363498869622927,0.009122890679464063,0.011547463322666809,0.014729784648812834,0.01962741682617461,0.028553003874996482,0.006081012003897638
1.759842413341753e-7,2.2858979960464275e-6,1.5008297773179076e-5,9.394473297305051e-5,0.0002910269969516566,0.0005529569632754045,0.0009046064390021758,0.0013338025729490912,0.0018895175280041732,0.002555456954319184,0.003379184081806408,0.0043772314109421714,0.005631307872688325,0.007110288066952894,0.008927989246593127,0.011179102879930864,0.01388329544284105,0.01761647424499072,0.022524730210781902,0.030091343911256046,0.043906119062825606,0.009498850517681654
2.3443935049610479e-7,3.0701057931059395e-6,2.0340391411447614e-5,0.00012905310969221968,0.00040441830684897345,0.0007742901125974655,0.0012747768369979694,0.0018895175280041732,0.0026897153485041046,0.003652976795485276,0.004849069990981376,0.006303155211776494,0.00813571669466614,0.010302632722567347,0.01297205067144455,0.01628500267808359,0.02027237477189169,0.02578701410141533,0.03305017084344034,0.04426653898700306,0.06478325067887411,0.014239769695378877
3.0152529118081135e-7,3.974555434938989e-6,2.6524843878094494e-5,0.00017013865862189426,0.0005382004504055493,0.001036943267356166,0.0017163352591518207,0.002555456954319184,0.003652976795485276,0.004979704689379005,0.0066331393481920175,0.00864969747900004,0.011198490725676611,0.014220071554522167,0.01795086983489927,0.022590757066972632,0.028185722821399063,0.035937582368427715,0.0461649576480668,0.06198596409865665,0.09097892857417134,0.020308485207074622
3.815938804449419e-7,5.058447765112283e-6,3.3970829612228126e-5,0.00021996965909239108,0.0007015517149925924,0.001359188260126175,0.0022604142304950624,0.003379184081806408,0.004849069990981376,0.0066331393481920175,0.008864574832065496,0.011594918956495061,0.015056075954757338,0.019170116287279316,0.024261822408462492,0.03060798560120322,0.0382754877047835,0.048918752995491685,0.06298627009887925,0.08478670066407275,0.12481472555042081,0.028307280174558466
4.7568495344092263e-7,6.336621396887626e-6,4.278643802044869e-5,0.0002793377582005502,0.0008972838900393544,0.00174689473725861,0.0029174419770247296,0.0043772314109421714,0.006303155211776494,0.00864969747900004,0.011594918956495061,0.015210224990990362,0.019806817201104013,0.025285168439531873,0.032081852162777445,0.040572005475030634,0.05085074526585358,0.06514637909925643,0.08407682079518586,0.11346801704697616,0.16754232647577427,0.038620148711793534
5.907769758182386e-7,7.90490025064801e-6,5.3640778598016716e-5,0.00035283910163623906,0.0011408319825328447,0.0022310509975171154,0.0037405914302537533,0.005631307872688325,0.00813571669466614,0.011198490725676611,0.015056075954757338,0.019806817201104013,0.02586564292166898,0.0331072007444401,0.04211461640460917,0.05339334199591402,0.06707803911002452,0.08615067820483702,0.11145835592681697,0.15083040823598667,0.2234264822854714,0.052404766661250456
7.233450429562577e-7,9.716210398645902e-6,6.621571216180036e-5,0.00043840368146187036,0.001425601043963225,0.0027989356080764206,0.00470885283232449,0.007110288066952894,0.010302632722567347,0.014220071554522167,0.019170116287279316,0.025285168439531873,0.0331072007444401,0.04248226678022239,0.054173548512452825,0.06884833673211106,0.08669314546149731,0.11161713009821254,0.1447579590781904,0.1964234290273029,0.29190106316033115,0.06967607205485181
8.829215862104084e-7,1.1901767137385283e-5,8.142997243105664e-5,0.0005423685216717919,0.0017729496056708973,0.0034935365897545037,0.0058961514209363765,0.008927989246593127,0.01297205067144455,0.01795086983489927,0.024261822408462492,0.032081852162777445,0.04211461640460917,0.054173548512452825,0.06925195065980744,0.0882262035412256,0.11135344427991611,0.14372901473412902,0.18687376739702843,0.25428447339056703,0.3791595076517379,0.09219008356917124
1.0768508650928924e-6,1.4563613448550627e-5,0.00010000550189427594,0.000669793513773153,0.0022001753733956178,0.00435001740610574,0.007363498869622927,0.011179102879930864,0.01628500267808359,0.022590757066972632,0.03060798560120322,0.040572005475030634,0.05339334199591402,0.06884833673211106,0.0882262035412256,0.11267526501443685,0.14254947526474637,0.1844713841038856,0.2404707897156001,0.3281747451078857,0.4910634317110111,0.12175162978596987
1.305889832107448e-6,1.7713558391145244e-5,0.00012203601348911313,0.0008214451918416183,0.002710232291216963,0.005374860992454187,0.009122890679464063,0.01388329544284105,0.02027237477189169,0.028185722821399063,0.0382754877047835,0.05085074526585358,0.06707803911002452,0.08669314546149731,0.11135344427991611,0.14254947526474637,0.1807634512436717,0.23452145726878176,0.30650783757096056,0.41952901648284446,0.6300049467723703,0.15934947318425305
1.6170264624513868e-6,2.2000603956825682e-5,0.00015208265732954794,0.0010289613149416731,0.003410269124334171,0.006784432762778626,0.011547463322666809,0.01761647424499072,0.02578701410141533,0.035937582368427715,0.048918752995491685,0.06514637909925643,0.08615067820483702,0.11161713009821254,0.14372901473412902,0.1844713841038856,0.23452145726878176,0.30513131420527756,0.39995414553772274,0.5492621933741899,0.8282003925293242,0.21438479099234925
2.0197882857165495e-6,2.756019839845209e-5,0.00019112780286595165,0.0012994858016976952,0.0043254900326558324,0.008631083831763899,0.014729784648812834,0.022524730210781902,0.03305017084344034,0.0461649576480668,0.06298627009887925,0.08407682079518586,0.11145835592681697,0.1447579590781904,0.18687376739702843,0.2404707897156001,0.30650783757096056,0.39995414553772274,0.5258307870966089,0.7246646627028758,1.0974297474741057,0.2912694143671961
2.631176449216446e-6,3.6014898467540334e-5,0.0002506261601982114,0.0017130285600420888,0.0057285632081131585,0.011467850974128474,0.01962741682617461,0.030091343911256046,0.04426653898700306,0.06198596409865665,0.08478670066407275,0.11346801704697616,0.15083040823598667,0.1964234290273029,0.25428447339056703,0.3281747451078857,0.41952901648284446,0.5492621933741899,0.7246646627028758,1.0028031708105385,1.5265141069995447,0.4177043892092245
