x1,x2,x3,x4,x5,x6,x7,x8
3.3996350899962943e-7,1.6057973414385656e-6,1.0883300754738538e-5,4.3072749925534246e-5,0.00012238263171368278,0.00025099266910852836,0.0003583033428422397,6.911826750178266e-5
1.6057973414385656e-6,8.560544123115477e-6,6.612380623729416e-5,0.00027910626255578483,0.0008202274804845894,0.0017109167598769917,0.002458968766969115,0.00049157879912949
1.0883300754738538e-5,6.612380623729416e-5,0.0006192433987262391,0.0029336747327985656,0.009185917294533223,0.019787392523704785,0.028806633132776985,0.006159431976309208
4.3072749925534246e-5,0.00027910626255578483,0.0029336747327985656,0.015343817320458163,0.05138597166355122,0.11483059274769726,0.16969617869833495,0.039279750546545575
0.00012238263171368278,0.0008202274804845894,0.009185917294533223,0.05138597166355122,0.1829510800952374,0.4251411922896161,0.6389120284933192,0.16208561145234007
0.00025099266910852836,0.0017109167598769917,0.019787392523704785,0.11483059274769726,0.4251411922896161,1.0172484355828342,1.5495001309937797,0.4246873969994211
0.0003583033428422397,0.002458968766969115,0.028806633132776985,0.16969617869833495,0.6389120284933192,1.5495001309937797,2.3757858168685093,0.677489147617367
6.911826750178266e-5,0.00049157879912949,0.006159431976309208,0.039279750546545575,0.16208561145234007,0.4246873969994211,0.677489147617367,0.2506368444647618
2.3409309057530466e-7,1.0989044196417107e-6,7.434529137999855e-6,2.9402172687796033e-5,8.33706824563205e-5,0.00017057714942717613,0.00024320413628003563,4.6574426305709414e-5
1.0989044196417107e-6,5.865703053754843e-6,4.585932103882274e-5,0.0001948809396429202,0.0005737149542737717,0.001196058903513635,0.0017181236831024015,0.00034239100579967774
7.434529137999855e-6,4.585932103882274e-5,0.00045091880346943294,0.0022016501664802565,0.0069883959967276445,0.01513048820723809,0.022064437344729335,0.004758062098307143
2.9402172687796033e-5,0.0001948809396429202,0.0022016501664802565,0.01212152881297564,0.04167326508830833,0.09416915285703385,0.13972633417486857,0.033006753126018015
8.33706824563205e-5,0.0005737149542737717,0.0069883959967276445,0.04167326508830833,0.15380344164539592,0.3632890863651735,0.5492901376672954,0.1436277387679278
0.00017057714942717613,0.001196058903513635,0.01513048820723809,0.09416915285703385,0.3632890863651735,0.8862541590594628,1.3598887378833393,0.38638574776537027
0.00024320413628003563,0.0017181236831024015,0.022064437344729335,0.13972633417486857,0.5492901376672954,1.3598887378833393,2.1014763574818223,0.6227082438656351
4.6574426305709414e-5,0.00034239100579967774,0.004758062098307143,0.033006753126018015,0.1436277387679278,0.38638574776537027,0.6227082438656351,0.24186846838215725
3.147986675114018e-7,1.4603195854972456e-6,9.778512256680837e-6,3.8546845203900635e-5,0.00010930242551301803,0.00022378972969661683,0.0003191487975087816,6.104626513479054e-5
1.4603195854972456e-6,7.61735129492795e-6,5.816663815129459e-5,0.00024489673550978815,0.0007188794813047101,0.0014976185464587804,0.0021505770203476657,0.0004266796090813865
9.778512256680837e-6,5.816663815129459e-5,0.000544088314010464,0.0025910482142753187,0.008137160072103754,0.017539282405767295,0.025530017790995212,0.005437338082005462
3.8546845203900635e-5,0.00024489673550978815,0.0025910482142753187,0.01371970880521892,0.04629456954441017,0.10374591765420323,0.15341701464110594,0.03551644795134564
0.00010930242551301803,0.0007188794813047101,0.008137160072103754,0.04629456954441017,0.1668093121981536,0.3897251278223197,0.5866534706428927,0.14958971709373992
0.00022378972969661683,0.0014976185464587804,0.017539282405767295,0.10374591765420323,0.3897251278223197,0.9391410154089368,1.4338563603389731,0.39637955373626665
0.0003191487975087816,0.0021505770203476657,0.025530017790995212,0.15341701464110594,0.5866534706428927,1.4338563603389731,2.2042056801386933,0.6349172522015136
6.104626513479054e-5,0.0004266796090813865,0.005437338082005462,0.03551644795134564,0.14958971709373992,0.39637955373626665,0.6349172522015136,0.23924976893975602
3.398267963632415e-7,1.6085017429302121e-6,1.0921727872727773e-5,4.327683587045031e-5,0.0001230295142281621,0.0002522751266355484,0.000360035810487884,6.932365051311964e-5
1.6085017429302121e-6,8.58434213412384e-6,6.629933037426103e-5,0.00027986528199950336,0.0008223599153946449,0.0017144083644910697,0.002462906459954381,0.000491050011113627
1.0921727872727773e-5,6.629933037426103e-5,0.0006179590319928631,0.0029199545029838154,0.00912876485695148,0.019637981224225227,0.028567182312040557,0.006082721229495915
4.327683587045031e-5,0.00027986528199950336,0.0029199545029838154,0.015213092646797028,0.050849668761964624,0.11345864427299049,0.16752560509960746,0.03861480640796247
0.0001230295142281621,0.0008223599153946449,0.00912876485695148,0.050849668761964624,0.18075765871776736,0.41952132867323627,0.6299974323957889,0.15935270205858637
0.0002522751266355484,0.0017144083644910697,0.019637981224225227,0.11345864427299049,0.41952132867323627,1.0027976168194455,1.5265118466457948,0.41770905320415436
0.000360035810487884,0.002462906459954381,0.028567182312040557,0.16752560509960746,0.6299974323957889,1.5265118466457948,2.3391573991973305,0.6664725296922086
6.932365051311964e-5,0.000491050011113627,0.006082721229495915,0.03861480640796247,0.15935270205858637,0.41770905320415436,0.6664725296922086,0.24858738355592297
2.9728742937268087e-7,1.4263362033495454e-6,9.787365573182176e-6,3.895748096104727e-5,0.00011104566867356475,0.0002281884944410864,0.00032606343732094484,6.347255527045755e-5
1.4263362033495454e-6,7.798691457500839e-6,6.152916880921949e-5,0.0002621389917776744,0.0007741337535243135,0.001619232998894458,0.0023301820993807056,0.00047084753763328873
9.787365573182176e-6,6.152916880921949e-5,0.0005933792452150124,0.0028432974101872044,0.008950342584344696,0.01933486863342175,0.028184513548887007,0.006091077140896225
3.895748096104727e-5,0.0002621389917776744,0.0028432974101872044,0.015026566245956939,0.050538788190273624,0.11319327139740637,0.1674569027540701,0.039134403472570314
0.00011104566867356475,0.0007741337535243135,0.008950342584344696,0.050538788190273624,0.18059933345030157,0.42054750225772797,0.6326685523254804,0.1620743269104594
0.0002281884944410864,0.001619232998894458,0.01933486863342175,0.11319327139740637,0.42054750225772797,1.0083719052274231,1.5376701456901065,0.4258786901979752
0.00032606343732094484,0.0023301820993807056,0.028184513548887007,0.1674569027540701,0.6326685523254804,1.5376701456901065,2.360371797732864,0.68058712259397
6.347255527045755e-5,0.00047084753763328873,0.006091077140896225,0.039134403472570314,0.1620743269104594,0.4258786901979752,0.68058712259397,0.2562485789496358
2.4737142795645924e-7,1.15973787420608e-6,7.838775440672e-6,3.100788560008196e-5,8.799771414448647e-5,0.0001801857747217742,0.0002569764455166338,4.9270796479480515e-5
1.15973787420608e-6,6.14666011822418e-6,4.763172816251628e-5,0.0002016561860400846,0.0005929620421673362,0.00123592117695599,0.0017751606107064412,0.00035338664454192127
7.838775440672e-6,4.763172816251628e-5,0.0004577676857185616,0.0022121624807665712,0.006993800455807615,0.0151201900856032,0.02203577723045578,0.004735067518076277
3.100788560008196e-5,0.0002016561860400846,0.0022121624807665712,0.012034824373840557,0.041224599640053594,0.09306244938422228,0.1380241799375902,0.03252423508550069
8.799771414448647e-5,0.0005929620421673362,0.006993800455807615,0.041224599640053594,0.1517869612301415,0.35846051670054574,0.5419040537655435,0.14151981618943577
0.0001801857747217742,0.00123592117695599,0.0151201900856032,0.09306244938422228,0.35846051670054574,0.8747263708850487,1.3421808342874435,0.3811343327513931
0.0002569764455166338,0.0017751606107064412,0.02203577723045578,0.1380241799375902,0.5419040537655435,1.3421808342874435,2.074167610336511,0.6144644731231902
4.9270796479480515e-5,0.00035338664454192127,0.004735067518076277,0.03252423508550069,0.14151981618943577,0.3811343327513931,0.6144644731231902,0.23950862087998884
2.798682949391866e-7,1.3163085118065355e-6,8.91302755638493e-6,3.5303235702919094e-5,0.00010030289670166919,0.00020556526205080372,0.0002933278843183569,5.6458479382613934e-5
1.3163085118065355e-6,6.9870657236332095e-6,5.402501373873693e-5,0.00022850513734126992,0.0006718685691160855,0.0014007802293374372,0.002012538860788684,0.000401656082693912
8.91302755638493e-6,5.402501373873693e-5,0.0005111961208743069,0.0024445985867830914,0.007688224809234096,0.016583654955958958,0.024151698667628934,0.005175851013848255
3.5303235702919094e-5,0.00022850513734126992,0.0024445985867830914,0.013033145140404764,0.04414861219644379,0.09915356142621627,0.14679958438043494,0.03432448431863307
0.00010030289670166919,0.0006718685691160855,0.007688224809234096,0.04414861219644379,0.16012764537606552,0.3755892620732226,0.5664973048674349,0.14652207725308006
0.00020556526205080372,0.0014007802293374372,0.016583654955958958,0.09915356142621627,0.3755892620732226,0.909754836723337,1.39255668197423,0.3916033893864967
0.0002933278843183569,0.002012538860788684,0.024151698667628934,0.14679958438043494,0.5664973048674349,1.39255668197423,2.1468222421323437,0.6298897440823437
5.6458479382613934e-5,0.000401656082693912,0.005175851013848255,0.03432448431863307,0.14652207725308006,0.3916033893864967,0.6298897440823437,0.24273715400459128
3.0940783888857696e-7,1.4539325729905353e-6,9.82551021536215e-6,3.8850978786733706e-5,0.00011029845436918624,0.0002260440417971889,0.00032257052619548285,6.215801905263135e-5
1.4539325729905353e-6,7.726725975339745e-6,5.978632199686169e-5,0.0002527999945799222,0.0007433563048632174,0.001550500396532699,0.002228213466821359,0.00044565872868011764
9.82551021536215e-6,5.978632199686169e-5,0.0005671979433195399,0.0027095048941518196,0.008516089610393955,0.01837096122418441,0.026757565088583568,0.005741572930385103
3.8850978786733706e-5,0.0002527999945799222,0.0027095048941518196,0.014357199971492861,0.0483971400112096,0.1084525046010823,0.16043204124665858,0.03737073615927828
0.00011029845436918624,0.0007433563048632174,0.008516089610393955,0.0483971400112096,0.17387027722100418,0.4057474841321427,0.610738395457817,0.15641582427704687
0.0002260440417971889,0.001550500396532699,0.01837096122418441,0.1084525046010823,0.4057474841321427,0.9758522539782417,1.4893930538136533,0.41299499280670093
0.00032257052619548285,0.002228213466821359,0.026757565088583568,0.16043204124665858,0.610738395457817,1.4893930538136533,2.2885477011775723,0.6609302071033151
6.215801905263135e-5,0.00044565872868011764,0.005741572930385103,0.03737073615927828,0.15641582427704687,0.41299499280670093,0.6609302071033151,0.24921872720417895
2.6616554223919515e-7,1.3079548014947613e-6,9.13910605825672e-6,3.6674027330808964e-5,0.0001050412508921729,0.00021647874199113234,0.00030973971305679976,6.087169711847659e-5
1.3079548014947613e-6,7.326709043305506e-6,5.8546624111757905e-5,0.0002504843274291962,0.0007416079300647374,0.0015538892652515238,0.002238031997972182,0.00045534446379609484
9.13910605825672e-6,5.8546624111757905e-5,0.0005642037279501814,0.0026975545486395947,0.008489229372843276,0.0183473413166394,0.026754740097775658,0.005808133337725234
3.6674027330808964e-5,0.0002504843274291962,0.0026975545486395947,0.014233356052550926,0.047950295888383704,0.10758546988539498,0.15930799901709558,0.03751179179684581
0.0001050412508921729,0.0007416079300647374,0.008489229372843276,0.047950295888383704,0.17206317672552585,0.4020027819644004,0.6057203286783699,0.15683773824549316
0.00021647874199113234,0.0015538892652515238,0.0183473413166394,0.10758546988539498,0.4020027819644004,0.9681584354012538,1.479381657927109,0.41514358885524416
0.00030973971305679976,0.002238031997972182,0.026754740097775658,0.15930799901709558,0.6057203286783699,1.479381657927109,2.2760938611254957,0.665801556955991
6.087169711847659e-5,0.00045534446379609484,0.005808133337725234,0.03751179179684581,0.15683773824549316,0.41514358885524416,0.665801556955991,0.2563072859726218
2.2278091754575614e-7,1.047051663851038e-6,7.095586661106829e-6,2.8107576243104947e-5,7.982760126515681e-5,0.00016352266514790449,0.0002332581725119306,4.476319951395271e-5
1.047051663851038e-6,5.595343502782739e-6,4.380388971196541e-5,0.00018640788393353827,0.0005495809936403293,0.0011470283233828882,0.0016484166669296974,0.0003290692402611012
7.095586661106829e-6,4.380388971196541e-5,0.0004308315571423508,0.0021055560087315565,0.006692152876238248,0.014504207308885034,0.021159309092957636,0.004568354569202475
2.8107576243104947e-5,0.00018640788393353827,0.0021055560087315565,0.01161252923357275,0.04001953434037628,0.09058649005136596,0.13449473005360257,0.03184006119440048
7.982760126515681e-5,0.0005495809936403293,0.006692152876238248,0.04001953434037628,0.14830486016423697,0.3512658530215605,0.5316437362878044,0.1395125081806573
0.00016352266514790449,0.0011470283233828882,0.014504207308885034,0.09058649005136596,0.3512658530215605,0.8598758418122078,1.3210649598210047,0.37703425009635544
0.0002332581725119306,0.0016484166669296974,0.021159309092957636,0.13449473005360257,0.5316437362878044,1.3210649598210047,2.044228893068866,0.6086886918360546
4.476319951395271e-5,0.0003290692402611012,0.004568354569202475,0.03184006119440048,0.1395125081806573,0.37703425009635544,0.6086886918360546,0.23785568620579045
2.587046415868801e-7,1.222409957436053e-6,8.311807226048789e-6,3.300487582418965e-5,9.395218177500679e-5,0.00019281872024219616,0.00027532625258546264,5.318332787027358e-5
1.222409957436053e-6,6.5552223533795025e-6,5.122352943440755e-5,0.00021785577313315757,0.0006427524038940086,0.001342946952892176,0.001931323497328813,0.000387361821832351
8.311807226048789e-6,5.122352943440755e-5,0.0004936835380420587,0.0023799943244830306,0.007516848284303004,0.016253460983861958,0.023695983206261442,0.005103460244958842
3.300487582418965e-5,0.00021785577313315757,0.0023799943244830306,0.012779660107741795,0.043425633283797754,0.09770464096119912,0.14476899870550936,0.033954858123077185
9.395218177500679e-5,0.0006427524038940086,0.007516848284303004,0.043425633283797754,0.15789379448094226,0.37093523110937415,0.5598832208431214,0.14515417459658184
0.00019281872024219616,0.001342946952892176,0.016253460983861958,0.09770464096119912,0.37093523110937415,0.8999626257230708,1.3786373383049666,0.3885452237490594
0.00027532625258546264,0.001931323497328813,0.023695983206261442,0.14476899870550936,0.5598832208431214,1.3786373383049666,2.1270874962973463,0.6254263565589896
5.318332787027358e-5,0.000387361821832351,0.005103460244958842,0.033954858123077185,0.14515417459658184,0.3885452237490594,0.6254263565589896,0.2406370375870104
3.1203498652855587e-7,1.4730187045417176e-6,9.989579815012155e-6,3.9562398493589084e-5,0.00011237635406356667,0.00023033585502884275,0.00032869786027077207,6.324048627633558e-5
1.4730187045417176e-6,7.865912517833792e-6,6.1004552826222e-5,0.0002581169604859926,0.000758930134448865,0.001582710256780221,0.0022742229985423957,0.0004538143188541103
9.989579815012155e-6,6.1004552826222e-5,0.0005771000260235237,0.002748630042790503,0.00862096912571854,0.018575397125730947,0.027041275968448485,0.00577698967133994
3.9562398493589084e-5,0.0002581169604859926,0.002748630042790503,0.014486553262517703,0.04868230929200982,0.10892588745102977,0.16103066469444696,0.03732955761373083
0.00011237635406356667,0.000758930134448865,0.00862096912571854,0.04868230929200982,0.1743601373092745,0.4063654810472486,0.6113537273814861,0.15591446191889444
0.00023033585502884275,0.001582710256780221,0.018575397125730947,0.10892588745102977,0.4063654810472486,0.9762731742403383,1.4893767828923483,0.41129109008902204
0.00032869786027077207,0.0022742229985423957,0.027041275968448485,0.16103066469444696,0.6113537273814861,1.4893767828923483,2.287549701565742,0.6578299485666556
6.324048627633558e-5,0.0004538143188541103,0.00577698967133994,0.03732955761373083,0.15591446191889444,0.41129109008902204,0.6578299485666556,0.24601796912147905
3.490172822315552e-7,1.6099168569368891e-6,1.0728368004607949e-5,4.219534782150833e-5,0.00011953574314956095,0.0002449010566955783,0.00034954639105847456,6.762844403050315e-5
1.6099168569368891e-6,8.305118110201916e-6,6.271753442725113e-5,0.0002626763572580376,0.0007692234694571277,0.0016025476951009824,0.0023026848555080855,0.00046162717185257643
1.0728368004607949e-5,6.271753442725113e-5,0.0005743315455889465,0.0027068534401916556,0.008461026447715682,0.01822271803135858,0.02653497042688992,0.005704841069861035
4.219534782150833e-5,0.0002626763572580376,0.0027068534401916556,0.014148558920353408,0.047481671867595464,0.10633316336713106,0.15733294751251883,0.03681991837271016
0.00011953574314956095,0.0007692234694571277,0.008461026447715682,0.047481671867595464,0.17014966651633512,0.3974028155633045,0.5987261061483699,0.15458026497018132
0.0002449010566955783,0.0016025476951009824,0.01822271803135858,0.10633316336713106,0.3974028155633045,0.9576461672907484,1.4636740321310102,0.4099967434783177
0.00034954639105847456,0.0023026848555080855,0.02653497042688992,0.15733294751251883,0.5987261061483699,1.4636740321310102,2.2527304304414946,0.6578072331455884
6.762844403050315e-5,0.00046162717185257643,0.005704841069861035,0.03681991837271016,0.15458026497018132,0.4099967434783177,0.6578072331455884,0.2511375759160403
2.4695555252319017e-7,1.1457156947441482e-6,7.685139892207398e-6,3.0297877016612993e-5,8.57487634505852e-5,0.00017527623882465364,0.0002498087927154795,4.7691555513612474e-5
1.1457156947441482e-6,6.009288826355666e-6,4.63687462088648e-5,0.0001961080890848126,0.0005757946863053486,0.001198834847887322,0.0017212266803589254,0.0003417180536255986
7.685139892207398e-6,4.63687462088648e-5,0.00044786631522393696,0.002171906043589478,0.00686882782964028,0.014846125060454145,0.02163542131721067,0.004644656789737576
3.0297877016612993e-5,0.0001961080890848126,0.002171906043589478,0.011872876302294808,0.040702873195613665,0.09189015203284416,0.13630470285671706,0.032123653606994804
8.57487634505852e-5,0.0005757946863053486,0.00686882782964028,0.040702873195613665,0.1501409669804348,0.35490784834364153,0.5368519298955512,0.1405518342026986
0.00017527623882465364,0.001198834847887322,0.014846125060454145,0.09189015203284416,0.35490784834364153,0.8674442458492294,1.3322010992183146,0.3795996771597401
0.0002498087927154795,0.0017212266803589254,0.02163542131721067,0.13630470285671706,0.5368519298955512,1.3322010992183146,2.060851487737137,0.6126694584113518
4.7691555513612474e-5,0.0003417180536255986,0.004644656789737576,0.032123653606994804,0.1405518342026986,0.3795996771597401,0.6126694584113518,0.2378286421025215
3.07780613675573e-7,1.4473138559334615e-6,9.788829215591586e-6,3.8732496288681844e-5,0.0001100353143182115,0.0002256010440937182,0.00032200575140848696,6.211444272644458e-5
1.4473138559334615e-6,7.657713022405585e-6,5.888490978217457e-5,0.00024825514412283244,0.0007290920835674591,0.0015199418633428982,0.002183921549778715,0.0004363621365112792
9.788829215591586e-6,5.888490978217457e-5,0.000549732924581745,0.0026097986433111266,0.00818413686542433,0.017639016943820286,0.025683999494549494,0.0055030994203386936
3.8732496288681844e-5,0.00024825514412283244,0.0026097986433111266,0.013774449242130823,0.046445411241975376,0.10413960826221172,0.15410233386857877,0.035959138249068406
0.0001100353143182115,0.0007290920835674591,0.00818413686542433,0.046445411241975376,0.16732171340077734,0.3912606967535394,0.5894766432555153,0.15165867059774088
0.0002256010440937182,0.0015199418633428982,0.017639016943820286,0.10413960826221172,0.3912606967535394,0.9438342732108791,1.4424709012476102,0.40258595126686114
0.00032200575140848696,0.002183921549778715,0.025683999494549494,0.15410233386857877,0.5894766432555153,1.4424709012476102,2.219885850832907,0.6458360098069904
6.211444272644458e-5,0.0004363621365112792,0.0055030994203386936,0.035959138249068406,0.15165867059774088,0.40258595126686114,0.6458360098069904,0.24550190234352068
3.374465096339915e-7,1.577027523991377e-6,1.0605001809420361e-5,4.1799400405208065e-5,0.00011833595415165539,0.00024193205996949325,0.0003447831945101122,6.556583172159417e-5
1.577027523991377e-6,8.275351077489686e-6,6.318461343738784e-5,0.0002652423918068815,0.0007761319869966646,0.001613255489640897,0.002314322863461821,0.00045579588657561224
1.0605001809420361e-5,6.318461343738784e-5,0.000585422254234604,0.002767124852962316,0.008645104948969088,0.01857634352830172,0.02700464730813564,0.005702631149532992
4.1799400405208065e-5,0.0002652423918068815,0.002767124852962316,0.014532704285379013,0.04878549921275869,0.10900478758741687,0.1610021578330117,0.03698816995679892
0.00011833595415165539,0.0007761319869966646,0.008645104948969088,0.04878549921275869,0.17477635315917567,0.40689229466627713,0.6116185375749272,0.15456462416949207
0.00024193205996949325,0.001613255489640897,0.01857634352830172,0.10900478758741687,0.40689229466627713,0.9763279132125049,1.4879890094038775,0.4068262986878398
0.0003447831945101122,0.002314322863461821,0.02700464730813564,0.1610021578330117,0.6116185375749272,1.4879890094038775,2.282960906392068,0.6495758174429922
6.556583172159417e-5,0.00045579588657561224,0.005702631149532992,0.03698816995679892,0.15456462416949207,0.4068262986878398,0.6495758174429922,0.2386361537072731
3.1601728505870493e-7,1.4810973872743671e-6,9.988699106153969e-6,3.946351730562734e-5,0.00011199241379784756,0.00022950554924102489,0.00032753240609695826,6.317864493915347e-5
1.4810973872743671e-6,7.845186475747906e-6,6.056372278515021e-5,0.0002558796737334368,0.0007521391972064637,0.0015688140023985106,0.0022547355859770927,0.00045147945941033325
9.988699106153969e-6,6.056372278515021e-5,0.0005731212137642065,0.0027346295646067035,0.00858997191834848,0.018528571131324757,0.026988861643458713,0.00579693144241426
3.946351730562734e-5,0.0002558796737334368,0.0027346295646067035,0.014461797118373339,0.04869618655122308,0.1090905448260501,0.1613768552095728,0.037617606327845284
0.00011199241379784756,0.0007521391972064637,0.00858997191834848,0.04869618655122308,0.17470702736926708,0.40755652038542706,0.6134673908905298,0.15722983615188332
0.00022950554924102489,0.0015688140023985106,0.018528571131324757,0.1090905448260501,0.40755652038542706,0.9798541189167044,1.49553479523991,0.4149830227433907
0.00032753240609695826,0.0022547355859770927,0.026988861643458713,0.1613768552095728,0.6134673908905298,1.49553479523991,2.298065457310461,0.6641199196470825
6.317864493915347e-5,0.00045147945941033325,0.00579693144241426,0.037617606327845284,0.15722983615188332,0.4149830227433907,0.6641199196470825,0.2498166190333475
2.4548665967028646e-7,1.1551609804389893e-6,7.828300620278147e-6,3.0984703999905863e-5,8.787661147530008e-5,0.00017985076636501133,0.0002564937916274569,4.917306510475507e-5
1.1551609804389893e-6,6.168477601820881e-6,4.812031809867956e-5,0.00020420576681622903,0.0006005625938437355,0.00125166688303606,0.0017980700379970555,0.00035825681363450834
7.828300620278147e-6,4.812031809867956e-5,0.00046740946142812304,0.0022652856212136956,0.0071610296403176316,0.01547789223914043,0.02256010754789251,0.004850821475102671
3.0984703999905863e-5,0.00020420576681622903,0.0022652856212136956,0.01233562444648982,0.04218094592820793,0.09512524157561766,0.1410716582426875,0.03322813032044478
8.787661147530008e-5,0.0006005625938437355,0.0071610296403176316,0.04218094592820793,0.1548567130909108,0.36520959378543,0.5520592277594519,0.14411963144400372
0.00017985076636501133,0.00125166688303606,0.01547789223914043,0.09512524157561766,0.36520959378543,0.8899405416286167,1.3655030055764201,0.3875273329433608
0.0002564937916274569,0.0017980700379970555,0.02256010754789251,0.1410716582426875,0.5520592277594519,1.3655030055764201,2.1102912638629183,0.6245752728687434
4.917306510475507e-5,0.00035825681363450834,0.004850821475102671,0.03322813032044478,0.14411963144400372,0.3875273329433608,0.6245752728687434,0.2400404775654291
2.727931280622456e-7,1.301480321056283e-6,8.90347163011045e-6,3.538977067827613e-5,0.00010063169039436956,0.00020621663485743182,0.00029419793208568647,5.6367322144113025e-5
1.301480321056283e-6,7.052398621289735e-6,5.533773843585212e-5,0.00023519978389191967,0.0006924564742081436,0.001443823263652045,0.002074102108089254,0.00041217027117447817
8.90347163011045e-6,5.533773843585212e-5,0.0005317178272438121,0.002550441425446112,0.008019623725793436,0.017285373831068134,0.025161489708457926,0.005358694838622362
3.538977067827613e-5,0.00023519978389191967,0.002550441425446112,0.01359417509504037,0.04593329096610345,0.10295708114934944,0.1522824912806303,0.03529484303048842
0.00010063169039436956,0.0006924564742081436,0.008019623725793436,0.04593329096610345,0.1658656457950081,0.3878460884771328,0.5841490805572572,0.14940495847276133
0.00020621663485743182,0.001443823263652045,0.017285373831068134,0.10295708114934944,0.3878460884771328,0.9357822177461513,1.4298153165549892,0.39670881722736956
0.00029419793208568647,0.002074102108089254,0.025161489708457926,0.1522824912806303,0.5841490805572572,1.4298153165549892,2.199870467417179,0.6360078930540959
5.6367322144113025e-5,0.00041217027117447817,0.005358694838622362,0.03529484303048842,0.14940495847276133,0.39670881722736956,0.6360078930540959,0.23844346381221196
2.458094789561414e-7,1.1966269353783384e-6,8.307066947221743e-6,3.3207879619915855e-5,9.473181375680509e-5,0.00019452012827975344,0.00027777122496977974,5.35327615471859e-5
1.1966269353783384e-6,6.695314762133889e-6,5.386372810043863e-5,0.00023117439885036306,0.0006841169096786298,0.0014306664381898886,0.002057882696391331,0.00041208179206874584
8.307066947221743e-6,5.386372810043863e-5,0.0005356883850078076,0.0026011529003172485,0.008227305581095006,0.017790079821992218,0.025931920364432856,0.005565067158700056
3.3207879619915855e-5,0.00023117439885036306,0.0026011529003172485,0.014010273330007175,0.047512225414218096,0.10669211235742512,0.15793186738912401,0.036753596218785135
9.473181375680509e-5,0.0006841169096786298,0.008227305581095006,0.047512225414218096,0.17169160002498726,0.40144835965855513,0.6046290209294526,0.15457570277452262
0.00019452012827975344,0.0014306664381898886,0.017790079821992218,0.10669211235742512,0.40144835965855513,0.9673156212433074,1.4771771836517402,0.4084919134678335
0.00027777122496977974,0.002057882696391331,0.025931920364432856,0.15793186738912401,0.6046290209294526,1.4771771836517402,2.2709571713505228,0.653608779690417
5.35327615471859e-5,0.00041208179206874584,0.005565067158700056,0.036753596218785135,0.15457570277452262,0.4084919134678335,0.653608779690417,0.2424768403516482
4.428858733505376e-7,2.0519560301368767e-6,1.3678285682651264e-5,5.3662040565940556e-5,0.00015155013734679626,0.0003096468718339414,0.00044134341925786683,8.43346682709473e-5
2.0519560301368767e-6,1.0605977531300502e-5,7.967175926134363e-5,0.00033175419176555826,0.0009667967421716886,0.0020068627989258043,0.002878599403147626,0.0005689456845353235
1.3678285682651264e-5,7.967175926134363e-5,0.000715438006586429,0.0033222738306386153,0.010285835954098812,0.02202152188985477,0.03198174037125958,0.0067498203840386
5.3662040565940556e-5,0.00033175419176555826,0.0033222738306386153,0.0169687473714207,0.05607883957179861,0.12445154863267627,0.1834261941085103,0.041889180168590966
0.00015155013734679626,0.0009667967421716886,0.010285835954098812,0.05607883957179861,0.19668375064706783,0.4534497538000395,0.6794278667144225,0.1698977164601208
0.0003096468718339414,0.0020068627989258043,0.02202152188985477,0.12445154863267627,0.4534497538000395,1.075587521447325,1.6329821984019748,0.4405631692988228
0.00044134341925786683,0.002878599403147626,0.03198174037125958,0.1834261941085103,0.6794278667144225,1.6329821984019748,2.4952099300403887,0.6998390230312737
8.43346682709473e-5,0.0005689456845353235,0.0067498203840386,0.041889180168590966,0.1698977164601208,0.4405631692988228,0.6998390230312737,0.25184864978829496
2.774644045557151e-7,1.2828032516557717e-6,8.565914870057331e-6,3.3623902755151015e-5,9.483083197435346e-5,0.00019340810627413007,0.0002753623758300857,5.206812056792677e-5
1.2828032516557717e-6,6.672734869503237e-6,5.0955852204456975e-5,0.00021395914779463732,0.0006251547709961279,0.0012978726110078104,0.0018610154830387545,0.00036549970019752174
8.565914870057331e-6,5.0955852204456975e-5,0.0004840866401739642,0.00232826569514567,0.007329318769720502,0.015801485391753783,0.023002013260912807,0.004890680871221852
3.3623902755151015e-5,0.00021395914779463732,0.00232826569514567,0.012646129525997526,0.043195308538144385,0.09731384707776831,0.1442119694307022,0.03368010463486764
9.483083197435346e-5,0.0006251547709961279,0.007329318769720502,0.043195308538144385,0.15855194450281448,0.3735091161416867,0.5640863818268232,0.14575273609542985
0.00019340810627413007,0.0012978726110078104,0.015801485391753783,0.09731384707776831,0.3735091161416867,0.9084996035057237,1.3920588122830544,0.3898171009860258
0.0002753623758300857,0.0018610154830387545,0.023002013260912807,0.1442119694307022,0.5640863818268232,1.3920588122830544,2.147761573303297,0.6260755605134687
5.206812056792677e-5,0.00036549970019752174,0.004890680871221852,0.03368010463486764,0.14575273609542985,0.3898171009860258,0.6260755605134687,0.23396704707255683
3.0835329852783264e-7,1.4722312246888267e-6,1.0061247039916627e-5,3.992916870033191e-5,0.00011334674516685131,0.00023191229127680852,0.00033058172490194347,6.293211711092146e-5
1.4722312246888267e-6,7.994573429518492e-6,6.273155347451507e-5,0.0002663261094037701,0.0007829300065144461,0.001630076045386854,0.002339791687579288,0.0004621147975319058
1.0061247039916627e-5,6.273155347451507e-5,0.0006014503136661525,0.0028724613952561184,0.008999878228888035,0.0193475539662614,0.028127626786050828,0.00593997295633144
3.992916870033191e-5,0.0002663261094037701,0.0028724613952561184,0.015147565769805171,0.05074765915184546,0.11314132627855283,0.1669488622960603,0.03816239788891674
0.00011334674516685131,0.0007829300065144461,0.008999878228888035,0.05074765915184546,0.1808286590695307,0.4193686426104444,0.6293923513258893,0.15794764566409392
0.00023191229127680852,0.001630076045386854,0.0193475539662614,0.11314132627855283,0.4193686426104444,1.001605163579438,1.523731941413758,0.41343229038768886
0.00033058172490194347,0.002339791687579288,0.028127626786050828,0.1669488622960603,0.6293923513258893,1.523731941413758,2.33333250413782,0.6587441744472559
6.293211711092146e-5,0.0004621147975319058,0.00593997295633144,0.03816239788891674,0.15794764566409392,0.41343229038768886,0.6587441744472559,0.23973914196900623
3.26700854333412e-7,1.5621509486355938e-6,1.0677774160160534e-5,4.231533177646367e-5,0.00011993635537893151,0.0002452924872562351,0.0003496776148718653,6.671830116733371e-5
1.5621509486355938e-6,8.456674170074834e-6,6.593995006754633e-5,0.0002785835834999645,0.0008162575452139642,0.0016973811595251363,0.0024358325271601022,0.0004814472150897322
1.0677774160160534e-5,6.593995006754633e-5,0.0006224126522535352,0.0029480393174635194,0.009195776223302464,0.019739517955487815,0.0286900392702968,0.006064511935777885
4.231533177646367e-5,0.0002785835834999645,0.0029480393174635194,0.01543939588977108,0.051592832135968644,0.11501192436228203,0.16977225968746543,0.03898086466754983
0.00011993635537893151,0.0008162575452139642,0.009195776223302464,0.051592832135968644,0.1836203384126241,0.42610976541039486,0.6399539386982152,0.16149999180478963
0.0002452924872562351,0.0016973811595251363,0.019739517955487815,0.11501192436228203,0.42610976541039486,1.0185383584448637,1.550637275055359,0.4228278741867595
0.0003496776148718653,0.0024358325271601022,0.0286900392702968,0.16977225968746543,0.6399539386982152,1.550637275055359,2.3762706089406014,0.6738392094562544
6.671830116733371e-5,0.0004814472150897322,0.006064511935777885,0.03898086466754983,0.16149999180478963,0.4228278741867595,0.6738392094562544,0.24462637834969594
4.365872802796601e-7,1.991022363094977e-6,1.3115249173609279e-5,5.114862487515278e-5,0.00014385328325500427,0.00029314026954651234,0.00041727703541580394,7.886219626136861e-5
1.991022363094977e-6,1.0086760717551935e-5,7.479665201746364e-5,0.0003097187901986713,0.0008991381215362316,0.0018618557556181652,0.0026673972379056784,0.0005217279429532004
1.3115249173609279e-5,7.479665201746364e-5,0.0006679717625037866,0.0031053371007089257,0.009614855514108706,0.020576251433380387,0.029871052882964873,0.006265884091822077
5.114862487515278e-5,0.0003097187901986713,0.0031053371007089257,0.015996610074879493,0.05312775612896482,0.11815372743266513,0.17425043068828203,0.039747875492817296
0.00014385328325500427,0.0008991381215362316,0.009614855514108706,0.05312775612896482,0.1879565087663335,0.4351017479635411,0.6528032375205238,0.16351339737610118
0.00029314026954651234,0.0018618557556181652,0.020576251433380387,0.11815372743266513,0.4351017479635411,1.0372342840617865,1.5772830609844162,0.42637581298696386
0.00041727703541580394,0.0026673972379056784,0.029871052882964873,0.17425043068828203,0.6528032375205238,1.5772830609844162,2.414105514078746,0.6781707884235859
7.886219626136861e-5,0.0005217279429532004,0.006265884091822077,0.039747875492817296,0.16351339737610118,0.42637581298696386,0.6781707884235859,0.24246520824671822
2.403992209068863e-7,1.1280503068019583e-6,7.624948196627966e-6,3.009971853572766e-5,8.513261844353088e-5,0.0001738917563720395,0.0002477535231506614,4.71245067110292e-5
1.1280503068019583e-6,6.020505796846426e-6,4.704538969051409e-5,0.00019956483826835404,0.0005859928201076748,0.0012196390301182308,0.0017507854818863712,0.00034659163303188927
7.624948196627966e-6,4.704538969051409e-5,0.0004625368885160621,0.0022541635261837728,0.007135427379256065,0.015423544341420178,0.02247712873196046,0.004816277171254082
3.009971853572766e-5,0.00019956483826835404,0.0022541635261837728,0.012392022208890931,0.04250886514638497,0.0959502879091904,0.1423142607330274,0.033451879684109426
8.513261844353088e-5,0.0005859928201076748,0.007135427379256065,0.04250886514638497,0.1566257216140668,0.36965751270207287,0.5587756758805057,0.1453874100437442
0.0001738917563720395,0.0012196390301182308,0.015423544341420178,0.0959502879091904,0.36965751270207287,0.9009430123772386,1.3818889355696817,0.3899589717229505
0.0002477535231506614,0.0017507854818863712,0.02247712873196046,0.1423142607330274,0.5587756758805057,1.3818889355696817,2.1344039228558893,0.6272769248563671
4.71245067110292e-5,0.00034659163303188927,0.004816277171254082,0.033451879684109426,0.1453874100437442,0.3899589717229505,0.6272769248563671,0.23687376526211681
3.5880621221098123e-7,1.67794492298013e-6,1.1282948123918292e-5,4.447308611605155e-5,0.0001258816798547558,0.00025728607650520735,0.00036663521644104014,6.969125182513313e-5
1.67794492298013e-6,8.8266893628587e-6,6.751652469970367e-5,0.0002836976983940809,0.0008303464202419782,0.001725812547869165,0.002475805974433099,0.0004876198096132633
1.1282948123918292e-5,6.751652469970367e-5,0.0006262277021526666,0.0029551922169729454,0.009217501236387727,0.019783752649173716,0.028747858843370833,0.006057335754458048
4.447308611605155e-5,0.0002836976983940809,0.0029551922169729454,0.01540572088870318,0.05140974334280384,0.1144757167732064,0.16886249147392382,0.03853994865389204
0.0001258816798547558,0.0008303464202419782,0.009217501236387727,0.05140974334280384,0.18247760679562608,0.42265521048130306,0.6341072917552851,0.15882811719579124
0.00025728607650520735,0.001725812547869165,0.019783752649173716,0.1144757167732064,0.42265521048130306,1.0081309545481467,1.5331247972945936,0.4150932398081956
0.00036663521644104014,0.002475805974433099,0.028747858843370833,0.16886249147392382,0.6341072917552851,1.5331247972945936,2.346913446774853,0.6611039375816254
6.969125182513313e-5,0.0004876198096132633,0.006057335754458048,0.03853994865389204,0.15882811719579124,0.4150932398081956,0.6611039375816254,0.239330950575645
4.141281531876107e-7,1.908637911748647e-6,1.2676767994076524e-5,4.960753481913162e-5,0.00013960423355840389,0.000284247338767961,0.00040430950387925965,7.571900392153004e-5
1.908637911748647e-6,9.834073800333269e-6,7.394940176123441e-5,0.0003079599177895787,0.0008954294700368326,0.0018533500846011621,0.0026535241465721043,0.0005146511611405983
1.2676767994076524e-5,7.394940176123441e-5,0.0006721189865963904,0.0031409110336643752,0.00972964174908594,0.020795734382302578,0.030158985211433363,0.006260093852054764
4.960753481913162e-5,0.0003079599177895787,0.0031409110336643752,0.016217783961634157,0.053773069680376255,0.1192891423742995,0.17565088929630268,0.039546532448769024
0.00013960423355840389,0.0008954294700368326,0.00972964174908594,0.053773069680376255,0.18971897366460203,0.4378386369405153,0.655724022539318,0.1619869327615589
0.000284247338767961,0.0018533500846011621,0.020795734382302578,0.1192891423742995,0.4378386369405153,1.0402084642818377,1.5786553374238008,0.4206058812561912
0.00040430950387925965,0.0026535241465721043,0.030158985211433363,0.17565088929630268,0.655724022539318,1.5786553374238008,2.411120007976758,0.667251804230505
7.571900392153004e-5,0.0005146511611405983,0.006260093852054764,0.039546532448769024,0.1619869327615589,0.4206058812561912,0.667251804230505,0.2343534487167181
3.04429182230879e-7,1.4981159252417711e-6,1.0453079084481929e-5,4.176393586972672e-5,0.00011878186164646467,0.00024315472294742627,0.0003466482459188756,6.582886101014971e-5
1.4981159252417711e-6,8.410660493256797e-6,6.712967845181669e-5,0.00028589887775333847,0.0008402499595232117,0.0017483334599072112,0.0025087062002568483,0.0004930487354999622
1.0453079084481929e-5,6.712967845181669e-5,0.0006451820716301408,0.0030649135557231887,0.009559822795480996,0.02049838720400033,0.029768751201542227,0.006232622456327846
4.176393586972672e-5,0.00028589887775333847,0.0030649135557231887,0.016027309990960904,0.053403532467069206,0.11872970103281498,0.17500119267925454,0.03966152328212977
0.00011878186164646467,0.0008402499595232117,0.009559822795480996,0.053403532467069206,0.18912418569721634,0.4371608098450237,0.6552306827163887,0.16278989284058787
0.00024315472294742627,0.0017483334599072112,0.02049838720400033,0.11872970103281498,0.4371608098450237,1.0400347410334059,1.5796271989706572,0.4233358107717412
0.0003466482459188756,0.0025087062002568483,0.029768751201542227,0.17500119267925454,0.6552306827163887,1.5796271989706572,2.414582993794065,0.6723323089588172
6.582886101014971e-5,0.0004930487354999622,0.006232622456327846,0.03966152328212977,0.16278989284058787,0.4233358107717412,0.6723323089588172,0.23784476292402368
3.3531540054107e-7,1.5608934493237112e-6,1.0457798911855958e-5,4.105759024831919e-5,0.00011563495013968813,0.00023538266421811648,0.0003347543706206711,6.266572879969762e-5
1.5608934493237112e-6,8.16210089973382e-6,6.22097264412852e-5,0.0002604042710668441,0.0007583716380442906,0.0015698125722554254,0.0022475504532758965,0.0004360903684598397
1.0457798911855958e-5,6.22097264412852e-5,0.0005794842976335383,0.002744586370097801,0.008554151107857833,0.018325417005671675,0.026599976995871192,0.005550726313079729
4.105759024831919e-5,0.0002604042710668441,0.002744586370097801,0.014514735846289161,0.048745653841242256,0.10873909794716781,0.16046593249418495,0.03656078090661763
0.00011563495013968813,0.0007583716380442906,0.008554151107857833,0.048745653841242256,0.17501822637674844,0.4071277322493831,0.6116477263572883,0.15361255818740907
0.00023538266421811648,0.0015698125722554254,0.018325417005671675,0.10873909794716781,0.4071277322493831,0.9762721832545102,1.487171397234101,0.4039545451336448
0.0003347543706206711,0.0022475504532758965,0.026599976995871192,0.16046593249418495,0.6116477263572883,1.487171397234101,2.2805319057423183,0.6442162808838188
6.266572879969762e-5,0.0004360903684598397,0.005550726313079729,0.03656078090661763,0.15361255818740907,0.4039545451336448,0.6442162808838188,0.23168869092184596
