x1,x2,x3,x4
9.537202850019855e-5,0.00014200936333934298,0.0002031748847971335,0.0006278720891269144
0.00014200936333934298,0.00021303992433978488,0.00030713169243632517,0.0010122673579512826
0.0002031748847971335,0.00030713169243632517,0.0004465520571712319,0.0015980258537071526
0.0006278720891269144,0.0010122673579512826,0.0015980258537071526,0.015068084199097094
5.025032719417462e-5,7.720306059296977e-5,0.00011342669802677299,0.00042424746463505194
7.720306059296977e-5,0.00011979758615260828,0.00017768885386692761,0.0007120393098935028
0.00011342669802677299,0.00017768885386692761,0.0002661843436459124,0.0011619009981346602
0.00042424746463505194,0.0007120393098935028,0.0011619009981346602,0.015507610431719852
5.8001266436528e-5,8.847132592137928e-5,0.0001292087135127196,0.0004643901012993244
8.847132592137928e-5,0.00013616765763388135,0.00020059957673606947,0.0007689536627793199
0.0001292087135127196,0.00020059957673606947,0.00029823097446553953,0.0012394706777228307
0.0004643901012993244,0.0007689536627793199,0.0012394706777228307,0.015142649333856001
6.573927660240392e-5,9.971640919529343e-5,0.0001449481444467015,0.0005027682258459291
9.971640919529343e-5,0.0001525661995785513,0.00022364387449674402,0.0008269099858029318
0.0001449481444467015,0.00022364387449674402,0.0003307807108238566,0.001325253041019868
0.0005027682258459291,0.0008269099858029318,0.001325253041019868,0.01495195174159596
7.711060594553142e-5,0.00011624704412987613,0.00016800332404179146,0.0005406256914008315
0.00011624704412987613,0.00017696716697873465,0.0002582514828380173,0.0008951761133283107
0.00016800332404179146,0.0002582514828380173,0.00038082610768724027,0.001443857141737621
0.0005406256914008315,0.0008951761133283107,0.001443857141737621,0.013353140526476136
8.707800642748334e-5,0.00013095476610637188,0.00018871501918873022,0.000577434943691396
0.00013095476610637188,0.0001990785106280658,0.0002899754663577417,0.0009615853318923644
0.00018871501918873022,0.0002899754663577417,0.0004272117417111348,0.0015536335149039006
0.000577434943691396,0.0009615853318923644,0.0015536335149039006,0.012144520561189137
0.0001328703323207531,0.00019726378800016993,0.0002808847680133824,0.0007781730177300773
0.00019726378800016993,0.000295604980686187,0.000424830257310251,0.0012654244641995861
0.0002808847680133824,0.000424830257310251,0.0006165474219522864,0.001991536024262498
0.0007781730177300773,0.0012654244641995861,0.001991536024262498,0.012305020671210401
0.00013175175809557182,0.0001953365744986602,0.0002779024854969698,0.0007719136596028427
0.0001953365744986602,0.0002921933568051641,0.0004194230345704693,0.0012510477918882248
0.0002779024854969698,0.0004194230345704693,0.0006078212243876773,0.00196669768461848
0.0007719136596028427,0.0012510477918882248,0.00196669768461848,0.012577195077175621
0.00011378904433531477,0.00016914739827706863,0.00024138861794238104,0.0007017521126792241
0.00016914739827706863,0.0002536147381930939,0.0003651048822521986,0.001139573262732556
0.00024138861794238104,0.0003651048822521986,0.0005306283990883406,0.0018023973277121734
0.0007017521126792241,0.001139573262732556,0.0018023973277121734,0.013452986162635874
9.752554742773957e-5,0.00014572486142299483,0.00020900225623823589,0.0006417986317164877
0.00014572486142299483,0.00021965167986712816,0.00031780788565927533,0.0010476513993226656
0.00020900225623823589,0.00031780788565927533,0.00046424463813034197,0.0016681133044333136
0.0006417986317164877,0.0010476513993226656,0.0016681133044333136,0.01442708641186356
5.0256496120942676e-5,7.726267645308722e-5,0.0001135329454732275,0.0004095540665788489
7.726267645308722e-5,0.00012018905867786698,0.00017863338141079486,0.0006985652136156802
0.0001135329454732275,0.00017863338141079486,0.00026868865918405153,0.0011572815489442707
0.0004095540665788489,0.0006985652136156802,0.0011572815489442707,0.013487454589796376
2.3476214116781844e-5,3.804513682469746e-5,5.8295339176415276e-5,0.0002599921122940613
3.804513682469746e-5,6.264227625923443e-5,9.738481031948373e-5,0.0004731640191235484
5.8295339176415276e-5,9.738481031948373e-5,0.00015359627774160994,0.0008247714208206324
0.0002599921122940613,0.0004731640191235484,0.0008247714208206324,0.012294120157708217
1.7935550420044304e-5,2.9615656490231653e-5,4.60361473600229e-5,0.00021776551340673818
2.9615656490231653e-5,4.978217563404206e-5,7.863987807531469e-5,0.0004072947638219962
4.60361473600229e-5,7.863987807531469e-5,0.00012622216799996948,0.0007263946335340701
0.00021776551340673818,0.0004072947638219962,0.0007263946335340701,0.011586665469396544
2.9876006452318392e-5,4.7228651455678914e-5,7.097842061369219e-5,0.0002842012213315531
4.7228651455678914e-5,7.58740841886137e-5,0.00011577695862162742,0.0005104737964397861
7.097842061369219e-5,0.00011577695862162742,0.00017944265636932153,0.0008844874102568438
0.0002842012213315531,0.0005104737964397861,0.0008844874102568438,0.011721370498714065
5.197091416833225e-5,7.956162563826164e-5,0.00011646341982928483,0.00040063328011075454
7.956162563826164e-5,0.0001234500219346591,0.00018310710339213842,0.0006918048712585692
0.00011646341982928483,0.00018310710339213842,0.0002754064527060294,0.0011598297251171283
0.00040063328011075454,0.0006918048712585692,0.0011598297251171283,0.012284905996712564
7.219930311142115e-5,0.00010886445692001298,0.0001572967593198768,0.0004970955927081443
0.00010886445692001298,0.00016609920934253399,0.00024284400754647203,0.0008395101188539706
0.0001572967593198768,0.00024284400754647203,0.00035957597137700357,0.0013794951848071484
0.0004970955927081443,0.0008395101188539706,0.0013794951848071484,0.012744886631924503
6.902486267667214e-5,0.00010393517300806814,0.00015002537143316689,0.00047319841681379586
0.00010393517300806814,0.00015836521421234298,0.00023133450074263532,0.0007999933016703128
0.00015002537143316689,0.00023133450074263532,0.0003423216892778331,0.001318658167584568
0.00047319841681379586,0.0007999933016703128,0.001318658167584568,0.012687268648101215
6.401394268943396e-5,9.624105493416657e-5,0.00013873926298245488,0.00043193021434194336
9.624105493416657e-5,0.00014651662106286687,0.00021392364749339655,0.0007352725543947353
0.00013873926298245488,0.00021392364749339655,0.00031672351481138654,0.0012220450859720632
0.00043193021434194336,0.0007352725543947353,0.0012220450859720632,0.011928648248609265
5.1053786252163474e-5,7.652705313856093e-5,0.00011002266089936523,0.00032947143645434805
7.652705313856093e-5,0.00011648262355456604,0.00017014301103613862,0.0005754389678505875
0.00011002266089936523,0.00017014301103613862,0.0002529080217560836,0.0009811207510434048
0.00032947143645434805,0.0005754389678505875,0.0009811207510434048,0.009388000641080965
3.9585140145068966e-5,5.9377364799443275e-5,8.547381886035775e-5,0.0002598204767258725
5.9377364799443275e-5,9.052716831595917e-5,0.0001325690724475187,0.00046004328425605287
8.547381886035775e-5,0.0001325690724475187,0.00019794228760858538,0.0008001610629059099
0.0002598204767258725,0.00046004328425605287,0.0008001610629059099,0.008548741283991978
3.5092711848242294e-5,5.3298838421483645e-5,7.758709433738785e-5,0.0002623948158526657
5.3298838421483645e-5,8.207597220430387e-5,0.00012118724519452753,0.00045672334210841806
7.758709433738785e-5,0.00012118724519452753,0.00018182821654062664,0.0007841162481800133
0.0002623948158526657,0.00045672334210841806,0.0007841162481800133,0.010511945725487255
1.93387553445242e-5,3.054711241367484e-5,4.592025398952858e-5,0.0001928157110607408
3.054711241367484e-5,4.893480620125286e-5,7.455563310484183e-5,0.00034237253373823484
4.592025398952858e-5,7.455563310484183e-5,0.0001152259036048254,0.0005945068526067695
0.0001928157110607408,0.00034237253373823484,0.0005945068526067695,0.01187935545417862
