x1,x2,x3,x4,x5,x6,x7,x8,x9,x10
7.554081674936619e-10,1.962554590007203e-9,3.3446237210957566e-9,5.5148680252369415e-9,1.0887159766847375e-8,1.9484649929979895e-8,3.1721207763151685e-8,4.855330728950299e-8,6.364271508968984e-8,2.699988581219513e-7
1.962554590007203e-9,5.675399009135059e-9,1.0268597851674431e-8,1.7844647420837e-8,3.751398320222049e-8,7.020584721809255e-8,1.1785018975651616e-7,1.8437294990937053e-7,2.445313479568424e-7,1.1229685916838402e-6
3.3446237210957566e-9,1.0268597851674431e-8,1.9284666421985064e-8,3.470207114150589e-8,7.619034556602395e-8,1.4712328782631436e-7,2.523140069717155e-7,4.0077415184308406e-7,5.358665169598407e-7,2.5960259321232427e-6
5.5148680252369415e-9,1.7844647420837e-8,3.470207114150589e-8,6.469473375110269e-8,1.4901061078308611e-7,2.983824753765209e-7,5.248005474352135e-7,8.486576880606655e-7,1.1456091729127092e-6,5.907588495914841e-6
1.0887159766847375e-8,3.751398320222049e-8,7.619034556602395e-8,1.4901061078308611e-7,3.7011835358682246e-7,7.905406440240252e-7,1.456948491858531e-6,2.4361148417127043e-6,3.3475495170058306e-6,1.935981698087857e-5
1.9484649929979895e-8,7.020584721809255e-8,1.4712328782631436e-7,2.983824753765209e-7,7.905406440240252e-7,1.7985625188099662e-6,3.4796975132329443e-6,6.026078337186512e-6,8.436220186273198e-6,5.4852819027583075e-5
3.1721207763151685e-8,1.1785018975651616e-7,2.523140069717155e-7,5.248005474352135e-7,1.456948491858531e-6,3.4796975132329443e-6,7.003965100875896e-6,1.2490194239910225e-5,1.7761579723201618e-5,0.00012747259260668725
4.855330728950299e-8,1.8437294990937053e-7,4.0077415184308406e-7,8.486576880606655e-7,2.4361148417127043e-6,6.026078337186512e-6,1.2490194239910225e-5,2.277663643308866e-5,3.278436701645177e-5,0.0002546655181695155
6.364271508968984e-8,2.445313479568424e-7,5.358665169598407e-7,1.1456091729127092e-6,3.3475495170058306e-6,8.436220186273198e-6,1.7761579723201618e-5,3.278436701645177e-5,4.75062398240833e-5,0.00038628452328695134
2.699988581219513e-7,1.1229685916838402e-6,2.5960259321232427e-6,5.907588495914841e-6,1.935981698087857e-5,5.4852819027583075e-5,0.00012747259260668725,0.0002546655181695155,0.00038628452328695134,0.004594508177817946
9.22503918442946e-10,2.294518702873061e-9,3.827843302340894e-9,6.203001745053293e-9,1.2022296491088549e-8,2.1308243248161886e-8,3.4588244050409336e-8,5.298748779649244e-8,6.956593094858854e-8,3.050969807842182e-7
2.294518702873061e-9,6.1970202105354e-9,1.0832614013968403e-8,1.830507498717291e-8,3.736039028287289e-8,6.879341028917587e-8,1.1473847204384405e-7,1.793056795507129e-7,2.3796990953557517e-7,1.1230821563423893e-6
3.827843302340894e-9,1.0832614013968403e-8,1.9509001413659614e-8,3.3931701270244766e-8,7.190842653293474e-8,1.3624733492803993e-7,2.31942657434434e-7,3.6793700609313735e-7,4.923000015489751e-7,2.452411299357068e-6
6.203001745053293e-9,1.830507498717291e-8,3.3931701270244766e-8,6.084290024515676e-8,1.3463908144242145e-7,2.6408801575272025e-7,4.6105710944513246e-7,7.450492154918496e-7,1.0069051095308608e-6,5.356433378193645e-6
1.2022296491088549e-8,3.736039028287289e-8,7.190842653293474e-8,1.3463908144242145e-7,3.196767074792465e-7,6.677295694211065e-7,1.2227507843605412e-6,2.0468679679316924e-6,2.819367997851222e-6,1.6941150438377124e-5
2.1308243248161886e-8,6.879341028917587e-8,1.3624733492803993e-7,2.6408801575272025e-7,6.677295694211065e-7,1.4876902744762685e-6,2.8714235230405153e-6,5.0003128146629485e-6,7.035010933565116e-6,4.8202976420118706e-5
3.4588244050409336e-8,1.1473847204384405e-7,2.31942657434434e-7,4.6105710944513246e-7,1.2227507843605412e-6,2.8714235230405153e-6,5.803154384583765e-6,1.0471963245863293e-5,1.5018655201164493e-5,0.00011567882109774196
5.298748779649244e-8,1.793056795507129e-7,3.6793700609313735e-7,7.450492154918496e-7,2.0468679679316924e-6,5.0003128146629485e-6,1.0471963245863293e-5,1.9442209342704038e-5,2.8320887583190068e-5,0.0002403014232766931
6.956593094858854e-8,2.3796990953557517e-7,4.923000015489751e-7,1.0069051095308608e-6,2.819367997851222e-6,7.035010933565116e-6,1.5018655201164493e-5,2.8320887583190068e-5,4.161219170303979e-5,0.0003733940626493648
3.050969807842182e-7,1.1230821563423893e-6,2.452411299357068e-6,5.356433378193645e-6,1.6941150438377124e-5,4.8202976420118706e-5,0.00011567882109774196,0.0002403014232766931,0.0003733940626493648,0.005225417294017591
5.389257205144948e-10,1.4675301073435056e-9,2.5350547578051118e-9,4.215116462586428e-9,8.400369778846743e-9,1.5197675942826164e-8,2.509118113206078e-8,3.903255570110685e-8,5.174575794092007e-8,2.490732186431748e-7
1.4675301073435056e-9,4.24116652080702e-9,7.56164760672358e-9,1.2925651248493079e-8,2.664386686268208e-8,4.942114087348297e-8,8.30714632024577e-8,1.3096506699263114e-7,1.7489719333296594e-7,8.839133118910965e-7
2.5350547578051118e-9,7.56164760672358e-9,1.3748171984366626e-8,2.395777560498468e-8,5.068289701249885e-8,9.596385615212837e-8,1.6379505037469277e-7,2.612391886451874e-7,3.51112175810454e-7,1.8524184413446777e-6
4.215116462586428e-9,1.2925651248493079e-8,2.395777560498468e-8,4.26685400392374e-8,9.333047867121654e-8,1.8185165997042536e-7,3.1731934759380054e-7,5.147222697777449e-7,6.983031887332505e-7,3.921364515747566e-6
8.400369778846743e-9,2.664386686268208e-8,5.068289701249885e-8,9.333047867121654e-8,2.1676422490044972e-7,4.475316846867186e-7,8.181237053401359e-7,1.375618426981687e-6,1.9035846104755249e-6,1.2146620793352588e-5
1.5197675942826164e-8,4.942114087348297e-8,9.596385615212837e-8,1.8185165997042536e-7,4.475316846867186e-7,9.860803881887577e-7,1.9082877508227627e-6,3.3561185424942294e-6,4.760302652263062e-6,3.536458014482849e-5
2.509118113206078e-8,8.30714632024577e-8,1.6379505037469277e-7,3.1731934759380054e-7,8.181237053401359e-7,1.9082877508227627e-6,3.899199924254982e-6,7.169643706863685e-6,1.0421854892860455e-5,8.954156741260857e-5
3.903255570110685e-8,1.3096506699263114e-7,2.612391886451874e-7,5.147222697777449e-7,1.375618426981687e-6,3.3561185424942294e-6,7.169643706863685e-6,1.36922000390571e-5,2.033000134862801e-5,0.00019809065621143452
5.174575794092007e-8,1.7489719333296594e-7,3.51112175810454e-7,6.983031887332505e-7,1.9035846104755249e-6,4.760302652263062e-6,1.0421854892860455e-5,2.033000134862801e-5,3.055341659469454e-5,0.000320598563576704
2.490732186431748e-7,8.839133118910965e-7,1.8524184413446777e-6,3.921364515747566e-6,1.2146620793352588e-5,3.536458014482849e-5,8.954156741260857e-5,0.00019809065621143452,0.000320598563576704,0.005715126237825345
2.0427655095599712e-10,6.065045949518885e-10,1.0857443105527037e-9,1.855824324524124e-9,3.815141161844576e-9,7.064387672722732e-9,1.1885254483219482e-8,1.8804113392286118e-8,2.5201408549465435e-8,1.347850146992926e-7
6.065045949518885e-10,1.922549854882922e-9,3.557529817518642e-9,6.254133724068707e-9,1.329376348899535e-8,2.5220433415541658e-8,4.3174620421437364e-8,6.919768424649598e-8,9.340070915967755e-8,5.229239047947882e-7
1.0857443105527037e-9,3.557529817518642e-9,6.710480490233591e-9,1.2012625110345936e-8,2.614265271840043e-8,5.051164634169355e-8,8.764952639723038e-8,1.4193076366378914e-7,1.926674984283229e-7,1.1194109489319952e-6
1.855824324524124e-9,6.254133724068707e-9,1.2012625110345936e-8,2.192990688131775e-8,4.914704206321688e-8,9.736986805415553e-8,1.722760532715308e-7,2.832017129482494e-7,3.8768994715159313e-7,2.3800738405164765e-6
3.815141161844576e-9,1.329376348899535e-8,2.614265271840043e-8,4.914704206321688e-8,1.1619656566916392e-7,2.427895000216518e-7,4.4887976349044565e-7,7.640413876737357e-7,1.066540980030577e-6,7.4181908437078065e-6
7.064387672722732e-9,2.5220433415541658e-8,5.051164634169355e-8,9.736986805415553e-8,2.427895000216518e-7,5.407212596446065e-7,1.0603595879121906e-6,1.8941926670490398e-6,2.716934339431961e-6,2.2313337921793725e-5
1.1885254483219482e-8,4.3174620421437364e-8,8.764952639723038e-8,1.722760532715308e-7,4.4887976349044565e-7,1.0603595879121906e-6,2.2108961461065047e-6,4.16583117502188e-6,6.158867868698388e-6,6.0351274008926767e-5
1.8804113392286118e-8,6.919768424649598e-8,1.4193076366378914e-7,2.832017129482494e-7,7.640413876737357e-7,1.8941926670490398e-6,4.16583117502188e-6,8.244077558292922e-6,1.2540694584289079e-5,0.00014468248613099395
2.5201408549465435e-8,9.340070915967755e-8,1.926674984283229e-7,3.8768994715159313e-7,1.066540980030577e-6,2.716934339431961e-6,6.158867868698388e-6,1.2540694584289079e-5,1.9403410084805147e-5,0.00024719531241023854
1.347850146992926e-7,5.229239047947882e-7,1.1194109489319952e-6,2.3800738405164765e-6,7.4181908437078065e-6,2.2313337921793725e-5,6.0351274008926767e-5,0.00014468248613099395,0.00024719531241023854,0.005983876222084927
3.4248020605302747e-10,8.024593854505774e-10,1.3004365750074883e-9,2.0580809970326565e-9,3.889608038605187e-9,6.808878611409455e-9,1.1041883078011716e-8,1.70481300540751e-8,2.257908523004141e-8,1.1610790741637555e-7
8.024593854505774e-10,1.989142461041219e-9,3.3291868701655127e-9,5.4269479950156035e-9,1.0652546809164531e-8,1.920680457913638e-8,3.185098552811252e-8,5.003966011503575e-8,6.693165120180775e-8,3.6810709215042836e-7
1.3004365750074883e-9,3.3291868701655127e-9,5.689709839606205e-9,9.471794184099449e-9,1.9140592298854328e-8,3.534616270227448e-8,5.971313292891918e-8,9.51953500649634e-8,1.2839597018085573e-7,7.470743564823766e-7
2.0580809970326565e-9,5.4269479950156035e-9,9.471794184099449e-9,1.6142407578667062e-8,3.381934472675884e-8,6.447100024509794e-8,1.1171939896395581e-7,1.8174578147859401e-7,2.4797732311960397e-7,1.5580048496239101e-6
3.889608038605187e-9,1.0652546809164531e-8,1.9140592298854328e-8,3.381934472675884e-8,7.551927852226833e-8,1.5321666713801393e-7,2.795703303073767e-7,4.7399196520621844e-7,6.620403477844206e-7,4.825285176417933e-6
6.808878611409455e-9,1.920680457913638e-8,3.534616270227448e-8,6.447100024509794e-8,1.5321666713801393e-7,3.3329913279019204e-7,6.480363462473542e-7,1.1579738488655486e-6,1.6663793119897219e-6,1.4541872237094534e-5
1.1041883078011716e-8,3.185098552811252e-8,5.971313292891918e-8,1.1171939896395581e-7,2.795703303073767e-7,6.480363462473542e-7,1.3470580286481462e-6,2.556582721110207e-6,3.810365290425011e-6,4.078449032974993e-5
1.70481300540751e-8,5.003966011503575e-8,9.51953500649634e-8,1.8174578147859401e-7,4.7399196520621844e-7,1.1579738488655486e-6,2.556582721110207e-6,5.148297931994546e-6,7.952775579788688e-6,0.00010431553744376109
2.257908523004141e-8,6.693165120180775e-8,1.2839597018085573e-7,2.4797732311960397e-7,6.620403477844206e-7,1.6663793119897219e-6,3.810365290425011e-6,7.952775579788688e-6,1.2562889160111134e-5,0.0001872805284656046
1.1610790741637555e-7,3.6810709215042836e-7,7.470743564823766e-7,1.5580048496239101e-6,4.825285176417933e-6,1.4541872237094534e-5,4.078449032974993e-5,0.00010431553744376109,0.0001872805284656046,0.0061100353692435435
8.37522157145965e-10,1.7642371948253831e-9,2.710068157396411e-9,4.096328495564764e-9,7.321632200694832e-9,1.2295108321172684e-8,1.9349074705321153e-8,2.922056147677174e-8,3.82456448214459e-8,1.8506150465861033e-7
1.7642371948253831e-9,3.801883017258047e-9,5.9148420937558514e-9,9.046120000485668e-9,1.6420230281999395e-8,2.7920910235906557e-8,4.4373035398823734e-8,6.754451382706635e-8,8.881625972373921e-8,4.445935291619733e-7
2.710068157396411e-9,5.9148420937558514e-9,9.276118499618888e-9,1.4306301040033594e-8,2.629679636855864e-8,4.5227515663533365e-8,7.257275934017393e-8,1.1137335035913109e-7,1.4716404742951274e-7,7.648267878842661e-7
4.096328495564764e-9,9.046120000485668e-9,1.4306301040033594e-8,2.229857488739616e-8,4.178916262532566e-8,7.334418564717356e-8,1.198782576363019e-7,1.8697121421176525e-7,2.4950177816346756e-7,1.3998793243866844e-6
7.321632200694832e-9,1.6420230281999395e-8,2.629679636855864e-8,4.178916262532566e-8,8.184771166445172e-8,1.5139335986342337e-7,2.6003477109762216e-7,4.2362001100972586e-7,5.802855148124229e-7,3.926500852295296e-6
1.2295108321172684e-8,2.7920910235906557e-8,4.5227515663533365e-8,7.334418564717356e-8,1.5139335986342337e-7,2.998212832155204e-7,5.506556642480579e-7,9.509414096202301e-7,1.3479836037494683e-6,1.1328094165350028e-5
1.9349074705321153e-8,4.4373035398823734e-8,7.257275934017393e-8,1.198782576363019e-7,2.6003477109762216e-7,5.506556642480579e-7,1.0865936394546553e-6,2.005469082637108e-6,2.957530844966602e-6,3.1447351289230675e-5
2.922056147677174e-8,6.754451382706635e-8,1.1137335035913109e-7,1.8697121421176525e-7,4.2362001100972586e-7,9.509414096202301e-7,2.005469082637108e-6,3.960113125082685e-6,6.0908383874049095e-6,8.255562196162134e-5
3.82456448214459e-8,8.881625972373921e-8,1.4716404742951274e-7,2.4950177816346756e-7,5.802855148124229e-7,1.3479836037494683e-6,2.957530844966602e-6,6.0908383874049095e-6,9.625988814136943e-6,0.00015251998184203643
1.8506150465861033e-7,4.445935291619733e-7,7.648267878842661e-7,1.3998793243866844e-6,3.926500852295296e-6,1.1328094165350028e-5,3.1447351289230675e-5,8.255562196162134e-5,0.00015251998184203643,0.0060862205568315815
1.5070226528208909e-9,3.0136029051653865e-9,4.510580586901093e-9,6.666957967459637e-9,1.1593720746644807e-8,1.9066551730766287e-8,2.953547247073891e-8,4.404684982285303e-8,5.722744319779253e-8,2.609906632141014e-7
3.0136029051653865e-9,6.118822927298316e-9,9.236410232417897e-9,1.3760353791578055e-8,2.4181567412263573e-8,4.011282754290169e-8,6.256672080726112e-8,9.383344851476772e-8,1.2231658656958622e-7,5.720356752903483e-7
4.510580586901093e-9,9.236410232417897e-9,1.4018244916965799e-8,2.100819982761642e-8,3.7266274680855875e-8,6.237676230454969e-8,9.80681936554335e-8,1.4809757737518642e-7,1.9387047013881508e-7,9.385606132549536e-7
6.666957967459637e-9,1.3760353791578055e-8,2.100819982761642e-8,3.174129827605283e-8,5.7228790102565904e-8,9.754709647825032e-8,1.560332831518599e-7,2.3934158194975696e-7,3.163645935202817e-7,1.6584344203582911e-6
1.1593720746644807e-8,2.4181567412263573e-8,3.7266274680855875e-8,5.7228790102565904e-8,1.0734103964617939e-7,1.9214273769343956e-7,3.223351835588652e-7,5.15979188657214e-7,6.999694845264789e-7,4.451338775995034e-6
1.9066551730766287e-8,4.011282754290169e-8,6.237676230454969e-8,9.754709647825032e-8,1.9214273769343956e-7,3.670146081595291e-7,6.569508942483944e-7,1.1136082592503008e-6,1.5628312499311656e-6,1.23917648892177e-5
2.953547247073891e-8,6.256672080726112e-8,9.80681936554335e-8,1.560332831518599e-7,3.223351835588652e-7,6.569508942483944e-7,1.2610163899053483e-6,2.281351393697436e-6,3.328754232992362e-6,3.3427734747490535e-5
4.404684982285303e-8,9.383344851476772e-8,1.4809757737518642e-7,2.3934158194975696e-7,5.15979188657214e-7,1.1136082592503008e-6,2.281351393697436e-6,4.409681266293882e-6,6.705604313724785e-6,8.588951639208341e-5
5.722744319779253e-8,1.2231658656958622e-7,1.9387047013881508e-7,3.163645935202817e-7,6.999694845264789e-7,1.5628312499311656e-6,3.328754232992362e-6,6.705604313724785e-6,1.0473224054410614e-5,0.00015683800286341566
2.609906632141014e-7,5.720356752903483e-7,9.385606132549536e-7,1.6584344203582911e-6,4.451338775995034e-6,1.23917648892177e-5,3.3427734747490535e-5,8.588951639208341e-5,0.00015683800286341566,0.005892170365098191
4.824801075049785e-9,7.746513248344639e-9,1.0412990936723963e-8,1.4052030787152109e-8,2.1912674535796145e-8,3.323923390872601e-8,4.8487051569113115e-8,6.894452376959145e-8,8.709883590685075e-8,3.153500497445273e-7
7.746513248344639e-9,1.2852592487743592e-8,1.767479836823999e-8,2.4434528262957754e-8,3.9512466869902175e-8,6.195536745980871e-8,9.295515981747382e-8,1.3536814554965413e-7,1.734842921962592e-7,7.070721770313175e-7
1.0412990936723963e-8,1.767479836823999e-8,2.473566158155222e-8,3.488767572638688e-8,5.8260863339731343e-8,9.419123050007086e-8,1.4509457477476627e-7,2.1607112640942953e-7,2.8062709053611407e-7,1.2698788702108345e-6
1.4052030787152109e-8,2.4434528262957754e-8,3.488767572638688e-8,5.043189981419295e-8,8.783267896974775e-8,1.479592621921681e-7,2.3612449509234753e-7,3.6217484027728794e-7,4.786112031835634e-7,2.4580846660817945e-6
2.1912674535796145e-8,3.9512466869902175e-8,5.8260863339731343e-8,8.783267896974775e-8,1.650129810625469e-7,2.998741880146967e-7,5.1035156606006e-7,8.246918583650364e-7,1.1227090363588044e-6,7.009421222534866e-6
3.323923390872601e-8,6.195536745980871e-8,9.419123050007086e-8,1.479592621921681e-7,2.998741880146967e-7,5.901352586236088e-7,1.0774495204697989e-6,1.8436037240294526e-6,2.5919954733463644e-6,1.970140228361793e-5
4.8487051569113115e-8,9.295515981747382e-8,1.4509457477476627e-7,2.3612449509234753e-7,5.1035156606006e-7,1.0774495204697989e-6,2.1066070741731724e-6,3.8255997649287215e-6,5.5651346136262305e-6,5.1786697252473717e-5
6.894452376959145e-8,1.3536814554965413e-7,2.1607112640942953e-7,3.6217484027728794e-7,8.246918583650364e-7,1.8436037240294526e-6,3.8255997649287215e-6,7.344630043845384e-6,1.1042046689401462e-5,0.00012466679568680678
8.709883590685075e-8,1.734842921962592e-7,2.8062709053611407e-7,4.786112031835634e-7,1.1227090363588044e-6,2.5919954733463644e-6,5.5651346136262305e-6,1.1042046689401462e-5,1.6937085196833486e-5,0.00021539044181921528
3.153500497445273e-7,7.070721770313175e-7,1.2698788702108345e-6,2.4580846660817945e-6,7.009421222534866e-6,1.970140228361793e-5,5.1786697252473717e-5,0.00012466679568680678,0.00021539044181921528,0.005785252334575876
2.137768210595082e-9,4.3490918055631925e-9,6.6231857673451325e-9,9.978521808783316e-9,1.7838362107355328e-8,2.9980894010895234e-8,4.7065911992114915e-8,7.057809721782219e-8,9.171163263184064e-8,3.863980475553262e-7
4.3490918055631925e-9,9.46985767671071e-9,1.502747251646533e-8,2.3537804984741816e-8,4.427660021535127e-8,7.745717395125385e-8,1.2529788750004963e-7,1.922430189101069e-7,2.5302225806294366e-7,1.166111623864763e-6
6.6231857673451325e-9,1.502747251646533e-8,2.4495981322302816e-8,3.9402979236178106e-8,7.684216541907295e-8,1.3835776255540317e-7,2.2869444588032843e-7,3.566733808324141e-7,4.7371649708634647e-7,2.322392936789747e-6
9.978521808783316e-9,2.3537804984741816e-8,3.9402979236178106e-8,6.516831355221812e-8,1.3226294937791846e-7,2.4616209356877256e-7,4.1723005883873757e-7,6.632339111820375e-7,8.901953448530683e-7,4.682197387930917e-6
1.7838362107355328e-8,4.427660021535127e-8,7.684216541907295e-8,1.3226294937791846e-7,2.8610081207446233e-7,5.645160690396776e-7,1.0021466735706504e-6,1.6506843522239935e-6,2.2594582312946784e-6,1.3510605190904522e-5
2.9980894010895234e-8,7.745717395125385e-8,1.3835776255540317e-7,2.4616209356877256e-7,5.645160690396776e-7,1.1852034391789115e-6,2.220608721723102e-6,3.817371860373078e-6,5.3503304091161595e-6,3.717979368655934e-5
4.7065911992114915e-8,1.2529788750004963e-7,2.2869444588032843e-7,4.1723005883873757e-7,1.0021466735706504e-6,2.220608721723102e-6,4.381857356969461e-6,7.864838223102588e-6,1.1292421223115256e-5,9.113153502679846e-5
7.057809721782219e-8,1.922430189101069e-7,3.566733808324141e-7,6.632339111820375e-7,1.6506843522239935e-6,3.817371860373078e-6,7.864838223102588e-6,1.4655906085180792e-5,2.14970650645615e-5,0.00019793728058447633
9.171163263184064e-8,2.5302225806294366e-7,4.7371649708634647e-7,8.901953448530683e-7,2.2594582312946784e-6,5.3503304091161595e-6,1.1292421223115256e-5,2.14970650645615e-5,3.1922759818809565e-5,0.00031770664372945707
3.863980475553262e-7,1.166111623864763e-6,2.322392936789747e-6,4.682197387930917e-6,1.3510605190904522e-5,3.717979368655934e-5,9.113153502679846e-5,0.00019793728058447633,0.00031770664372945707,0.0055036433143306205
4.268971657817215e-9,9.153878473215953e-9,1.4243599948689755e-8,2.1798074099454646e-8,3.953559088387767e-8,6.681310251129669e-8,1.0479304687252201e-7,1.564221733583543e-7,2.0240778977712986e-7,7.986108870344106e-7
9.153878473215953e-9,2.0714978463913933e-8,3.327854185157642e-8,5.247207263441613e-8,9.892619051966078e-8,1.7226771083739268e-7,2.7621426301644373e-7,4.1919837423944623e-7,5.474619606939413e-7,2.3091399009638625e-6
1.4243599948689755e-8,3.327854185157642e-8,5.4593256893851264e-8,8.791041950590777e-8,1.7060046001450976e-7,3.040549239508554e-7,4.960230009032962e-7,7.626771750013497e-7,1.0032715857010984e-6,4.456600532461461e-6
2.1798074099454646e-8,5.247207263441613e-8,8.791041950590777e-8,1.448371920274221e-7,2.908131993502413e-7,5.334366243253548e-7,8.894391995148224e-7,1.390397123173677e-6,1.8458541165172154e-6,8.748012226193971e-6
3.953559088387767e-8,9.892619051966078e-8,1.7060046001450976e-7,2.908131993502413e-7,6.181837870627342e-7,1.1956073080949345e-6,2.0783086139734593e-6,3.353651765640149e-6,4.530969620060323e-6,2.423073421331238e-5
6.681310251129669e-8,1.7226771083739268e-7,3.040549239508554e-7,5.334366243253548e-7,1.1956073080949345e-6,2.443984621624095e-6,4.449781107973605e-6,7.442153920808616e-6,1.0255047641376927e-5,6.254733249828491e-5
1.0479304687252201e-7,2.7621426301644373e-7,4.960230009032962e-7,8.894391995148224e-7,2.0783086139734593e-6,4.449781107973605e-6,8.441747725258178e-6,1.4585962049510389e-5,2.0463844749218822e-5,0.00014039912996267418
1.564221733583543e-7,4.1919837423944623e-7,7.626771750013497e-7,1.390397123173677e-6,3.353651765640149e-6,7.442153920808616e-6,1.4585962049510389e-5,2.5876033083360413e-5,3.684219106015888e-5,0.0002785705358524311
2.0240778977712986e-7,5.474619606939413e-7,1.0032715857010984e-6,1.8458541165172154e-6,4.530969620060323e-6,1.0255047641376927e-5,2.0463844749218822e-5,3.684219106015888e-5,5.2893139486200046e-5,0.00042309685094009375
7.986108870344106e-7,2.3091399009638625e-6,4.456600532461461e-6,8.748012226193971e-6,2.423073421331238e-5,6.254733249828491e-5,0.00014039912996267418,0.0002785705358524311,0.00042309685094009375,0.005289985147701014
7.378045759380539e-9,1.4888324657987973e-8,2.2519653443216585e-8,3.36673420838618e-8,5.938941737113412e-8,9.827415350966112e-8,1.5165053317829997e-7,2.2340677539271067e-7,2.8686669307754544e-7,1.0602938650139237e-6
1.4888324657987973e-8,3.171910797388611e-8,4.95942504453984e-8,7.652099258631913e-8,1.4070650201186535e-7,2.405216297865146e-7,3.801704152367342e-7,5.703061760977378e-7,7.39760190320145e-7,2.9482892194047638e-6
2.2519653443216585e-8,4.95942504453984e-8,7.928675522818673e-8,1.2513013856114345e-7,2.373999866643817e-7,4.1616109704740065e-7,6.702336588012529e-7,1.019762348760391e-6,1.3332108460527057e-6,5.627952538614635e-6
3.36673420838618e-8,7.652099258631913e-8,1.2513013856114345e-7,2.0240818961519502e-7,3.983515270026242e-7,7.201869564094956e-7,1.1871780103083042e-6,1.838305602250378e-6,2.426879089430476e-6,1.0987603279674778e-5
5.938941737113412e-8,1.4070650201186535e-7,2.373999866643817e-7,3.983515270026242e-7,8.328746768044442e-7,1.5910673644295896e-6,2.736907919336033e-6,4.376496989181557e-6,5.881027340229175e-6,3.0125636039500267e-5
9.827415350966112e-8,2.405216297865146e-7,4.1616109704740065e-7,7.201869564094956e-7,1.5910673644295896e-6,3.2108932008036563e-6,5.7729922700935494e-6,9.546176257095162e-6,1.3065684407372504e-5,7.573008066801337e-5
1.5165053317829997e-7,3.801704152367342e-7,6.702336588012529e-7,1.1871780103083042e-6,2.736907919336033e-6,5.7729922700935494e-6,1.0772515397856871e-5,1.8331890239913262e-5,2.548914619867095e-5,0.00016408708716760377
2.2340677539271067e-7,5.703061760977378e-7,1.019762348760391e-6,1.838305602250378e-6,4.376496989181557e-6,9.546176257095162e-6,1.8331890239913262e-5,3.190838486876857e-5,4.492589772384657e-5,0.0003148573751390106
2.8686669307754544e-7,7.39760190320145e-7,1.3332108460527057e-6,2.426879089430476e-6,5.881027340229175e-6,1.3065684407372504e-5,2.548914619867095e-5,4.492589772384657e-5,6.370051830323519e-5,0.00046893645781212234
1.0602938650139237e-6,2.9482892194047638e-6,5.627952538614635e-6,1.0987603279674778e-5,3.0125636039500267e-5,7.573008066801337e-5,0.00016408708716760377,0.0003148573751390106,0.00046893645781212234,0.005177722139977466
5.376957476679743e-9,1.1287125087982932e-8,1.738897578170136e-8,2.638894895916539e-8,4.735564286765674e-8,7.931179499365089e-8,1.2342594468324287e-7,1.8296903265420067e-7,2.357634364562214e-7,8.954858238590095e-7
1.1287125087982932e-8,2.5012229630106598e-8,3.981328268942224e-8,6.231051809791188e-8,1.1640441332782853e-7,2.0113255010909444e-7,3.202544972306651e-7,4.830055529708677e-7,6.283759842589291e-7,2.5619438307223043e-6
1.738897578170136e-8,3.981328268942224e-8,6.478018817774777e-8,1.0368026738196755e-7,1.9979343714839143e-7,3.5395025113981483e-7,5.74136748935677e-7,8.781045329914469e-7,1.1513008578856718e-6,4.967413073581737e-6
2.638894895916539e-8,6.231051809791188e-8,1.0368026738196755e-7,1.7011011066203405e-7,3.402850201134233e-7,6.221987569147578e-7,1.033616715744146e-6,1.6095481063043313e-6,2.131455275113881e-6,9.877531062171634e-6
4.735564286765674e-8,1.1640441332782853e-7,1.9979343714839143e-7,3.402850201134233e-7,7.248543283543901e-7,1.403843968892161e-6,2.437919798348514e-6,3.9252250610371605e-6,5.294319489343418e-6,2.7858684535197914e-5
7.931179499365089e-8,2.0113255010909444e-7,3.5395025113981483e-7,6.221987569147578e-7,1.403843968892161e-6,2.8795206869873156e-6,5.236244969389063e-6,8.728830349550518e-6,1.199884354280959e-5,7.164820074870805e-5
1.2342594468324287e-7,3.202544972306651e-7,5.74136748935677e-7,1.033616715744146e-6,2.437919798348514e-6,5.236244969389063e-6,9.895867023164446e-6,1.699242050660267e-5,2.3740252479675682e-5,0.00015781381534832233
1.8296903265420067e-7,4.830055529708677e-7,8.781045329914469e-7,1.6095481063043313e-6,3.9252250610371605e-6,8.728830349550518e-6,1.699242050660267e-5,2.986473470871725e-5,4.2265784245538284e-5,0.0003065415709293723
2.357634364562214e-7,6.283759842589291e-7,1.1513008578856718e-6,2.131455275113881e-6,5.294319489343418e-6,1.199884354280959e-5,2.3740252479675682e-5,4.2265784245538284e-5,6.0250710536332334e-5,0.00045967991132906067
8.954858238590095e-7,2.5619438307223043e-6,4.967413073581737e-6,9.877531062171634e-6,2.7858684535197914e-5,7.164820074870805e-5,0.00015781381534832233,0.0003065415709293723,0.00045967991132906067,0.005347017839048729
4.313741442138244e-9,8.733192197800159e-9,1.3244664701404402e-8,1.9860197182915855e-8,3.520500289794121e-8,5.855285532643965e-8,9.081452117019747e-8,1.3444189078078992e-7,1.7318285341444014e-7,6.636126198869861e-7
8.733192197800159e-9,1.876637080094039e-8,2.952214629895574e-8,4.584064404779043e-8,8.50822667136494e-8,1.4669683640843288e-7,2.3366844756354466e-7,3.529711806933431e-7,4.598320014220718e-7,1.9138449837994848e-6
1.3244664701404402e-8,2.952214629895574e-8,4.760552087409499e-8,7.580336719433494e-8,1.456774712469781e-7,2.5830061309415595e-7,4.2009219657896626e-7,6.446171897094416e-7,8.471247986128803e-7,3.7534985716174406e-6
1.9860197182915855e-8,4.584064404779043e-8,7.580336719433494e-8,1.2407593481331527e-7,2.484471010536992e-7,4.560183025802624e-7,7.612533670562578e-7,1.1913274214163893e-6,1.5827186305342117e-6,7.571851606974807e-6
3.520500289794121e-8,8.50822667136494e-8,1.456774712469781e-7,2.484471010536992e-7,5.3296443321375e-7,1.0423278583603945e-6,1.8278564066787478e-6,2.96880997951924e-6,4.02551609496049e-6,2.213024999285855e-5
5.855285532643965e-8,1.4669683640843288e-7,2.5830061309415595e-7,4.560183025802624e-7,1.0423278583603945e-6,2.1747258644848437e-6,4.019363485826734e-6,6.7930270806314275e-6,9.412510665119099e-6,5.9581653384520124e-5
9.081452117019747e-8,2.3366844756354466e-7,4.2009219657896626e-7,7.612533670562578e-7,1.8278564066787478e-6,4.019363485826734e-6,7.767710471523998e-6,1.3587446331632713e-5,1.9183414686061425e-5,0.0001369223653718589
1.3444189078078992e-7,3.529711806933431e-7,6.446171897094416e-7,1.1913274214163893e-6,2.96880997951924e-6,6.7930270806314275e-6,1.3587446331632713e-5,2.442033681245819e-5,3.4997262461041816e-5,0.0002753460127406982
1.7318285341444014e-7,4.598320014220718e-7,8.471247986128803e-7,1.5827186305342117e-6,4.02551609496049e-6,9.412510665119099e-6,1.9183414686061425e-5,3.4997262461041816e-5,5.057630024203607e-5,0.00042098933234523936
6.636126198869861e-7,1.9138449837994848e-6,3.7534985716174406e-6,7.571851606974807e-6,2.213024999285855e-5,5.9581653384520124e-5,0.0001369223653718589,0.0002753460127406982,0.00042098933234523936,0.005507349075936132
6.758412959884023e-9,1.1302071933456057e-8,1.5643502392524155e-8,2.1761703177955145e-8,3.5426113508617274e-8,5.5614542755286215e-8,8.303532183281778e-8,1.1974864483358135e-7,1.521664400456091e-7,5.394999778444246e-7
1.1302071933456057e-8,2.0284520638321556e-8,2.941220355891136e-8,4.285731446400653e-8,7.437473155541252e-8,1.2301895016702643e-7,1.9114146482362487e-7,2.8428704121943286e-7,3.6760175236748205e-7,1.4833728830057345e-6
1.5643502392524155e-8,2.941220355891136e-8,4.4036418923551123e-8,6.631490998685859e-8,1.2051402093896512e-7,2.0696323066445022e-7,3.307809327078777e-7,5.026485398449975e-7,6.577731245661488e-7,2.888090964485742e-6
2.1761703177955145e-8,4.285731446400653e-8,6.631490998685859e-8,1.0343839786699878e-7,1.9788897723883677e-7,3.547206116473239e-7,5.855454291167222e-7,9.117419223959523e-7,1.2092938639480987e-6,5.823372112722162e-6
3.5426113508617274e-8,7.437473155541252e-8,1.2051402093896512e-7,1.9788897723883677e-7,4.1104781329821576e-7,7.938099437462269e-7,1.3883343293275576e-6,2.258241908985243e-6,3.0678406233549447e-6,1.731473647723555e-5
5.5614542755286215e-8,1.2301895016702643e-7,2.0696323066445022e-7,3.547206116473239e-7,7.938099437462269e-7,1.6528736956179318e-6,3.0744276276875126e-6,5.240419706710845e-6,7.302582300549431e-6,4.839922785276422e-5
8.303532183281778e-8,1.9114146482362487e-7,3.307809327078777e-7,5.855454291167222e-7,1.3883343293275576e-6,3.0744276276875126e-6,6.030020986382646e-6,1.0709495062227505e-5,1.5260681801370068e-5,0.00011599991174067605
1.1974864483358135e-7,2.8428704121943286e-7,5.026485398449975e-7,9.117419223959523e-7,2.258241908985243e-6,5.240419706710845e-6,1.0709495062227505e-5,1.9650338143601752e-5,2.8506452215538068e-5,0.00024202513873628002
1.521664400456091e-7,3.6760175236748205e-7,6.577731245661488e-7,1.2092938639480987e-6,3.0678406233549447e-6,7.302582300549431e-6,1.5260681801370068e-5,2.8506452215538068e-5,4.176704968714708e-5,0.0003777875370620523
5.394999778444246e-7,1.4833728830057345e-6,2.888090964485742e-6,5.823372112722162e-6,1.731473647723555e-5,4.839922785276422e-5,0.00011599991174067605,0.00024202513873628002,0.0003777875370620523,0.005488351864215932
4.874997970208094e-9,8.271387662374204e-9,1.1539782615332825e-8,1.6168512862404862e-8,2.656937308408021e-8,4.2048588585305487e-8,6.322751341938194e-8,9.177249683421939e-8,1.1709438838820173e-7,4.320673975694277e-7
8.271387662374204e-9,1.5092839470518623e-8,2.2078998573997132e-8,3.242396124205878e-8,5.6831875808036006e-8,9.47996977274398e-8,1.4839377657472968e-7,2.2220028635104962e-7,2.8854156109579584e-7,1.210510875528534e-6
1.1539782615332825e-8,2.2078998573997132e-8,3.336386527037437e-8,5.064757083271947e-8,9.297472556516749e-8,1.6103810385927868e-7,2.593349562973385e-7,3.9680298868449833e-7,5.215112719032838e-7,2.3785171230367305e-6
1.6168512862404862e-8,3.242396124205878e-8,5.064757083271947e-8,7.963864157894511e-8,1.5386705892528017e-7,2.7810818222642076e-7,4.625125516847668e-7,7.251152663572321e-7,9.658989181230265e-7,4.822483693870879e-6
2.656937308408021e-8,5.6831875808036006e-8,9.297472556516749e-8,1.5386705892528017e-7,3.2243313573630446e-7,6.272249698497719e-7,1.1046003269234795e-6,1.8086481721764028e-6,2.4673614426891888e-6,1.4387945091294027e-5
4.2048588585305487e-8,9.47996977274398e-8,1.6103810385927868e-7,2.7810818222642076e-7,6.272249698497719e-7,1.3154835373605417e-6,2.4668239564435216e-6,4.2391935034577695e-6,5.937828868308642e-6,4.081662433617369e-5
6.322751341938194e-8,1.4839377657472968e-7,2.593349562973385e-7,4.625125516847668e-7,1.1046003269234795e-6,2.4668239564435216e-6,4.8931851499385255e-6,8.792103394093522e-6,1.2619199003582992e-5,0.00010049897252163923
9.177249683421939e-8,2.2220028635104962e-7,3.9680298868449833e-7,7.251152663572321e-7,1.8086481721764028e-6,4.2391935034577695e-6,8.792103394093522e-6,1.6383791923605457e-5,2.3995145050984133e-5,0.00021580185803605245
1.1709438838820173e-7,2.8854156109579584e-7,5.215112719032838e-7,9.658989181230265e-7,2.4673614426891888e-6,5.937828868308642e-6,1.2619199003582992e-5,2.3995145050984133e-5,3.5543469704366915e-5,0.00034277851799143465
4.320673975694277e-7,1.210510875528534e-6,2.3785171230367305e-6,4.822483693870879e-6,1.4387945091294027e-5,4.081662433617369e-5,0.00010049897252163923,0.00021580185803605245,0.00034277851799143465,0.0053824320823863524
4.593612540655498e-9,7.3848807709989754e-9,1.0045379297251097e-8,1.379560724250964e-8,2.21962381788673e-8,3.4696160103825864e-8,5.184496853906065e-8,7.504624461076206e-8,9.569166735983364e-8,3.585913424875151e-7
7.3848807709989754e-9,1.2936404353797035e-8,1.864148247355193e-8,2.712443517310604e-8,4.726296748825512e-8,7.88449564440657e-8,1.2381488758978204e-7,1.8624453352954833e-7,2.4267890484366164e-7,1.0598832480252895e-6
1.0045379297251097e-8,1.864148247355193e-8,2.7942761111281406e-8,4.2306686574321044e-8,7.783277748180101e-8,1.3559040557030114e-7,2.1989342615976453e-7,3.388932370140397e-7,4.4753983527852215e-7,2.1368728864677103e-6
1.379560724250964e-8,2.712443517310604e-8,4.2306686574321044e-8,6.671753291236255e-8,1.2991604227940452e-7,2.3690247832337436e-7,3.9741445860451766e-7,6.281503738778035e-7,8.410745413308094e-7,4.390770426556842e-6
2.21962381788673e-8,4.726296748825512e-8,7.783277748180101e-8,1.2991604227940452e-7,2.7533175836757957e-7,5.40296417481592e-7,9.588045634040235e-7,1.5810243039109053e-6,2.166465430815396e-6,1.3090430272276574e-5
3.4696160103825864e-8,7.88449564440657e-8,1.3559040557030114e-7,2.3690247832337436e-7,5.40296417481592e-7,1.1402135850934819e-6,2.15010098946763e-6,3.716165069410275e-6,5.225134220210029e-6,3.699097336226793e-5
5.184496853906065e-8,1.2381488758978204e-7,2.1989342615976453e-7,3.9741445860451766e-7,9.588045634040235e-7,2.15010098946763e-6,4.286169845778848e-6,7.749460883320128e-6,1.1171226774967833e-5,9.185403357546029e-5
7.504624461076206e-8,1.8624453352954833e-7,3.388932370140397e-7,6.281503738778035e-7,1.5810243039109053e-6,3.716165069410275e-6,7.749460883320128e-6,1.4556241132263034e-5,2.14406657001949e-5,0.00020062458730460688
9.569166735983364e-8,2.4267890484366164e-7,4.4753983527852215e-7,8.410745413308094e-7,2.166465430815396e-6,5.225134220210029e-6,1.1171226774967833e-5,2.14406657001949e-5,3.197495210717305e-5,0.0003227411229346861
3.585913424875151e-7,1.0598832480252895e-6,2.1368728864677103e-6,4.390770426556842e-6,1.3090430272276574e-5,3.699097336226793e-5,9.185403357546029e-5,0.00020062458730460688,0.0003227411229346861,0.005406298040408474
3.879723771944766e-9,6.422160941309056e-9,8.897659095240416e-9,1.2437051389046548e-8,2.048725714661434e-8,3.2642156417326534e-8,4.952223811944544e-8,7.259223722895386e-8,9.326321032650795e-8,3.725446535612973e-7
6.422160941309056e-9,1.1736863420852627e-8,1.7325708049195398e-8,2.5751082880863188e-8,4.602514908752527e-8,7.821041924451244e-8,1.2451300391059846e-7,1.89356597953903e-7,2.4832508131295464e-7,1.141085775735165e-6
8.897659095240416e-9,1.7325708049195398e-8,2.6636084551780057e-8,4.116897801695645e-8,7.745073945377935e-8,1.3691819610262366e-7,2.2436600797100579e-7,3.486544309024696e-7,4.6268122857569787e-7,2.2961461784964396e-6
1.2437051389046548e-8,2.5751082880863188e-8,4.116897801695645e-8,6.610248141841067e-8,1.3084343738704038e-7,2.406881883616291e-7,4.06087084451827e-7,6.449101690107749e-7,8.660611192231016e-7,4.6369679360975794e-6
2.048725714661434e-8,4.602514908752527e-8,7.745073945377935e-8,1.3084343738704038e-7,2.7864849703926567e-7,5.458401909413715e-7,9.668544289844141e-7,1.5934833310745737e-6,2.1840569419761893e-6,1.3318085202717611e-5
3.2642156417326534e-8,7.821041924451244e-8,1.3691819610262366e-7,2.406881883616291e-7,5.458401909413715e-7,1.1392100188488775e-6,2.13084072555289e-6,3.666943853284849e-6,5.14813592806975e-6,3.64781181879197e-5
4.952223811944544e-8,1.2451300391059846e-7,2.2436600797100579e-7,4.06087084451827e-7,9.668544289844141e-7,2.13084072555289e-6,4.1979359469539055e-6,7.54512013780811e-6,1.0855593683052069e-5,8.934749963881318e-5
7.259223722895386e-8,1.89356597953903e-7,3.486544309024696e-7,6.449101690107749e-7,1.5934833310745737e-6,3.666943853284849e-6,7.54512013780811e-6,1.4091878567658013e-5,2.07297273012703e-5,0.00019536173064951958
9.326321032650795e-8,2.4832508131295464e-7,4.6268122857569787e-7,8.660611192231016e-7,2.1840569419761893e-6,5.14813592806975e-6,1.0855593683052069e-5,2.07297273012703e-5,3.089652018137912e-5,0.00031581517693584065
3.725446535612973e-7,1.141085775735165e-6,2.2961461784964396e-6,4.6369679360975794e-6,1.3318085202717611e-5,3.64781181879197e-5,8.934749963881318e-5,0.00019536173064951958,0.00031581517693584065,0.005520599047772631
3.0849014632490445e-8,4.23924598009118e-8,5.227395202604518e-8,6.519763231727861e-8,9.186098443229177e-8,1.286355600445134e-7,1.7645504993297245e-7,2.388368201132333e-7,2.9313162554616525e-7,8.378045683399783e-7
4.23924598009118e-8,6.032825316535325e-8,7.651678111785223e-8,9.860422926174031e-8,1.4657911502897604e-7,2.163156199166419e-7,3.108424895345524e-7,4.380904222372946e-7,5.511198502560283e-7,1.9543684980206504e-6
5.227395202604518e-8,7.651678111785223e-8,9.932229366101416e-8,1.31473148696243e-7,2.0405003296842512e-7,3.135712204408085e-7,4.6626077556083857e-7,6.760308229659941e-7,8.647491011788855e-7,3.4803572241556914e-6
6.519763231727861e-8,9.860422926174031e-8,1.31473148696243e-7,1.794941483221196e-7,2.9254121559224455e-7,4.700683122714422e-7,7.248862186904337e-7,1.0822194145253204e-6,1.4077478323341955e-6,6.370699265320333e-6
9.186098443229177e-8,1.4657911502897604e-7,2.0405003296842512e-7,2.9254121559224455e-7,5.151391598581596e-7,8.887889187886985e-7,1.4523353490130562e-6,2.270292629571354e-6,3.030973072955866e-6,1.630151393775337e-5
1.286355600445134e-7,2.163156199166419e-7,3.135712204408085e-7,4.700683122714422e-7,8.887889187886985e-7,1.6440288482705083e-6,2.852004667378089e-6,4.679329154887022e-6,6.420483708108409e-6,4.1163590483934256e-5
1.7645504993297245e-7,3.108424895345524e-7,4.6626077556083857e-7,7.248862186904337e-7,1.4523353490130562e-6,2.852004667378089e-6,5.2292889945078426e-6,8.991106937997307e-6,1.2671399087972563e-5,9.604842992995093e-5
2.388368201132333e-7,4.380904222372946e-7,6.760308229659941e-7,1.0822194145253204e-6,2.270292629571354e-6,4.679329154887022e-6,8.991106937997307e-6,1.6113556040239693e-5,2.3266044601202208e-5,0.00020496424940454926
2.9313162554616525e-7,5.511198502560283e-7,8.647491011788855e-7,1.4077478323341955e-6,3.030973072955866e-6,6.420483708108409e-6,1.2671399087972563e-5,2.3266044601202208e-5,3.4081059081523576e-5,0.00032859389277167957
8.378045683399783e-7,1.9543684980206504e-6,3.4803572241556914e-6,6.370699265320333e-6,1.630151393775337e-5,4.1163590483934256e-5,9.604842992995093e-5,0.00020496424940454926,0.00032859389277167957,0.005706191523938254
9.161837257449845e-8,1.226935207637608e-7,1.4842704831492116e-7,1.8120986507688857e-7,2.466818187651506e-7,3.339263460233601e-7,4.4421033344028727e-7,5.849286352543752e-7,7.056024237900463e-7,1.6972012656346871e-6
1.226935207637608e-7,1.6707083103048193e-7,2.0490501225773326e-7,2.543041197456195e-7,3.5614840463378494e-7,4.966770389168607e-7,6.796339459980883e-7,9.186522208083538e-7,1.126912620652787e-6,3.236544636161708e-6
1.4842704831492116e-7,2.0490501225773326e-7,2.542705126477429e-7,3.201102921833913e-7,4.595796724243516e-7,6.576552927356576e-7,9.216723387461239e-7,1.2729123492041791e-6,1.5826184676037872e-6,5.151823739551256e-6
1.8120986507688857e-7,2.543041197456195e-7,3.201102921833913e-7,4.1014569552813447e-7,6.071980959189614e-7,8.96765253655253e-7,1.2933374835199684e-6,1.831774173066169e-6,2.3127615373671064e-6,8.572409637154149e-6
2.466818187651506e-7,3.5614840463378494e-7,4.595796724243516e-7,6.071980959189614e-7,9.492413562931056e-7,1.4839590571270832e-6,2.2532470060265273e-6,3.336247625956719e-6,4.325755841389658e-6,1.96665372858498e-5
3.339263460233601e-7,4.966770389168607e-7,6.576552927356576e-7,8.96765253655253e-7,1.4839590571270832e-6,2.468687645876142e-6,3.972438575820998e-6,6.184003574782159e-6,8.25885597659523e-6,4.625770366409788e-5
