x1,x2,x3,x4,x5,x6,x7,x8,x9,x10,x11,x12,x13,x14
8.814722947651062e-10,2.167808695702409e-9,3.6162445080403826e-9,5.870534324566904e-9,7.849701682664291e-9,1.1406930248066926e-8,1.4858756168558734e-8,2.021459592790601e-8,2.67967964427106e-8,3.270519236275615e-8,4.212153623194544e-8,4.984792603236341e-8,6.519541595267006e-8,2.7282778697215433e-7
2.167808695702409e-9,5.987164928668561e-9,1.0663665600047554e-8,1.834054576072487e-8,2.5317809169824062e-8,3.819737735545233e-8,5.0967287015241654e-8,7.111836935138718e-8,9.624715397660495e-8,1.1902969263260212e-7,1.556365246782675e-7,1.858694614920016e-7,2.4628579811907575e-7,1.1252983228704211e-6
3.6162445080403826e-9,1.0663665600047554e-8,1.977549346962239e-8,3.530860561456333e-8,4.9780695023806e-8,7.701168345106994e-8,1.0442718785876248e-7,1.4820684236930992e-7,2.0335750541001984e-7,2.5370295508485865e-7,3.350485566856984e-7,4.025255765133408e-7,5.379128136839178e-7,2.5986853118006596e-6
5.870534324566904e-9,1.834054576072487e-8,3.530860561456333e-8,6.543113729578592e-8,9.432414284786848e-8,1.4997812126998186e-7,2.0707914714603812e-7,2.9961970465926805e-7,4.1766698165622974e-7,5.263400760393113e-7,7.031219104406783e-7,8.505442327798932e-7,1.147771040295648e-6,5.9094204803219245e-6
7.849701682664291e-9,2.5317809169824062e-8,4.9780695023806e-8,9.432414284786848e-8,1.379336396479377e-7,2.2344611944781148e-7,3.1248625009967986e-7,4.5847854428965274e-7,6.465579509911509e-7,8.208470994899707e-7,1.105866688774531e-6,1.3445276042874643e-6,1.8275009722964437e-6,9.859066664634669e-6
1.1406930248066926e-8,3.819737735545233e-8,7.701168345106994e-8,1.4997812126998186e-7,2.2344611944781148e-7,3.713862118222665e-7,5.28996097523097e-7,7.922117741810089e-7,1.1366345290901657e-6,1.4591231254568774e-6,1.9908465458968053e-6,2.4389193466865703e-6,3.350885721461131e-6,1.9366422472274846e-5
1.4858756168558734e-8,5.0967287015241654e-8,1.0442718785876248e-7,2.0707914714603812e-7,3.1248625009967986e-7,5.28996097523097e-7,7.63856935716737e-7,1.1620234162617458e-6,1.689760839689344e-6,2.1881043484995664e-6,3.01530457910791e-6,3.7159642893171885e-6,5.14862437229625e-6,3.1382075544616365e-5
2.021459592790601e-8,7.111836935138718e-8,1.4820684236930992e-7,2.9961970465926805e-7,4.5847854428965274e-7,7.922117741810089e-7,1.1620234162617458e-6,1.8007341704495526e-6,2.6611405859023446e-6,3.482435055665822e-6,4.857324402861108e-6,6.029467175065617e-6,8.44012751326707e-6,5.4856475844679616e-5
2.67967964427106e-8,9.624715397660495e-8,2.0335750541001984e-7,4.1766698165622974e-7,6.465579509911509e-7,1.1366345290901657e-6,1.689760839689344e-6,2.6611405859023446e-6,3.989583693470207e-6,5.270672228841404e-6,7.432692415212819e-6,9.287299228434322e-6,1.3122628277882633e-5,9.044609188102345e-5
3.270519236275615e-8,1.1902969263260212e-7,2.5370295508485865e-7,5.263400760393113e-7,8.208470994899707e-7,1.4591231254568774e-6,2.1881043484995664e-6,3.482435055665822e-6,5.270672228841404e-6,7.007397325543148e-6,9.955004159957359e-6,1.2494482020423563e-5,1.7766583465765522e-5,0.00012748102781379677
4.212153623194544e-8,1.556365246782675e-7,3.350485566856984e-7,7.031219104406783e-7,1.105866688774531e-6,1.9908465458968053e-6,3.01530457910791e-6,4.857324402861108e-6,7.432692415212819e-6,9.955004159957359e-6,1.4265379586100272e-5,1.7998681984531493e-5,2.578646395132239e-5,0.0001942420245598375
4.984792603236341e-8,1.858694614920016e-7,4.025255765133408e-7,8.505442327798932e-7,1.3445276042874643e-6,2.4389193466865703e-6,3.7159642893171885e-6,6.029467175065617e-6,9.287299228434322e-6,1.2494482020423563e-5,1.7998681984531493e-5,2.278194816650642e-5,3.2790514113593334e-5,0.0002546735431884545
6.519541595267006e-8,2.4628579811907575e-7,5.379128136839178e-7,1.147771040295648e-6,1.8275009722964437e-6,3.350885721461131e-6,5.14862437229625e-6,8.44012751326707e-6,1.3122628277882633e-5,1.7766583465765522e-5,2.578646395132239e-5,3.2790514113593334e-5,4.751330288293072e-5,0.0003862909688794363
2.7282778697215433e-7,1.1252983228704211e-6,2.5986853118006596e-6,5.9094204803219245e-6,9.859066664634669e-6,1.9366422472274846e-5,3.1382075544616365e-5,5.4856475844679616e-5,9.044609188102345e-5,0.00012748102781379677,0.0001942420245598375,0.0002546735431884545,0.0003862909688794363,0.00460477558258438
8.510143031802203e-10,2.1740632964149054e-9,3.665988601684365e-9,5.98844078002572e-9,8.029272634993755e-9,1.1704268945681388e-8,1.5281557938363413e-8,2.0857064699978568e-8,2.7751318427841378e-8,3.3975560520305186e-8,4.395164993382678e-8,5.217678263582453e-8,6.859039806556948e-8,3.032623414557138e-7
2.1740632964149054e-9,6.009940030210822e-9,1.0593251825290258e-8,1.800227635054716e-8,2.4678121080323952e-8,3.6939269891649746e-8,4.9070406632257744e-8,6.822722504642834e-8,9.219150290769574e-8,1.1400279538556817e-7,1.4919657752562506e-7,1.7836826433004655e-7,2.3686806138832425e-7,1.121570300322887e-6
3.665988601684365e-9,1.0593251825290258e-8,1.9209280254998938e-8,3.355886100280801e-8,4.6756980981382974e-8,7.139945463617457e-8,9.611430559299116e-8,1.355717681294818e-7,1.8540891559952148e-7,2.3107273101001209e-7,3.051596865349269e-7,3.668360208855443e-7,4.910108506850564e-7,2.4506966547533693e-6
5.98844078002572e-9,1.800227635054716e-8,3.355886100280801e-8,6.038792770421549e-8,8.571538751085696e-8,1.3403818049273668e-7,1.833834724177777e-7,2.6331706288178273e-7,3.655740198427169e-7,4.6009581496295693e-7,6.145574148449975e-7,7.438695074394709e-7,1.0055521926844375e-6,5.355289670973794e-6
8.029272634993755e-9,2.4678121080323952e-8,4.6756980981382974e-8,8.571538751085696e-8,1.2318725856578591e-7,1.958738830346484e-7,2.711513723235264e-7,3.9450027104258624e-7,5.538941230434668e-7,7.022526953376154e-7,9.46055172360258e-7,1.1510538338429227e-6,1.5675385842591101e-6,8.758245654698021e-6
1.1704268945681388e-8,3.6939269891649746e-8,7.139945463617457e-8,1.3403818049273668e-7,1.958738830346484e-7,3.18875468230615e-7,4.4914870506696265e-7,6.666398826204642e-7,9.523470224346713e-7,1.221284384768227e-6,1.6672722701482872e-6,2.0449144557927954e-6,2.8169945417633345e-6,1.6935154293612883e-5
1.5281557938363413e-8,4.9070406632257744e-8,9.611430559299116e-8,1.833834724177777e-7,2.711513723235264e-7,4.4914870506696265e-7,6.411431104177866e-7,9.66786468651005e-7,1.400618998681069e-6,1.812926560569215e-6,2.5019592570961626e-6,3.0888509361027376e-6,4.295060320490525e-6,2.7375721159943256e-5
2.0857064699978568e-8,6.822722504642834e-8,1.355717681294818e-7,2.6331706288178273e-7,3.9450027104258624e-7,6.666398826204642e-7,9.66786468651005e-7,1.4862650373366863e-6,2.191187652645861e-6,2.8696680956424934e-6,4.015070954067951e-6,4.9982241234407724e-6,7.032685930216024e-6,4.8204094608165345e-5
2.7751318427841378e-8,9.219150290769574e-8,1.8540891559952148e-7,3.655740198427169e-7,5.538941230434668e-7,9.523470224346713e-7,1.400618998681069e-6,2.191187652645861e-6,3.2832552630484977e-6,4.347611016448377e-6,6.162670591749147e-6,7.732564524432854e-6,1.1003145835176964e-5,8.077271782223246e-5
3.3975560520305186e-8,1.1400279538556817e-7,2.3107273101001209e-7,4.6009581496295693e-7,7.022526953376154e-7,1.221284384768227e-6,1.812926560569215e-6,2.8696680956424934e-6,4.347611016448377e-6,5.801024767932167e-6,8.297799008098547e-6,1.046936442205113e-5,1.5015660423448008e-5,0.00011567392143877922
4.395164993382678e-8,1.4919657752562506e-7,3.051596865349269e-7,6.145574148449975e-7,9.46055172360258e-7,1.6672722701482872e-6,2.5019592570961626e-6,4.015070954067951e-6,6.162670591749147e-6,8.297799008098547e-6,1.1999286139708478e-5,1.5241173081883297e-5,2.2070351286487435e-5,0.00018039762787448634
5.217678263582453e-8,1.7836826433004655e-7,3.668360208855443e-7,7.438695074394709e-7,1.1510538338429227e-6,2.0449144557927954e-6,3.0888509361027376e-6,4.9982241234407724e-6,7.732564524432854e-6,1.046936442205113e-5,1.5241173081883297e-5,1.9439051561087253e-5,2.8317279552342602e-5,0.0002402977960526995
6.859039806556948e-8,2.3686806138832425e-7,4.910108506850564e-7,1.0055521926844375e-6,1.5675385842591101e-6,2.8169945417633345e-6,4.295060320490525e-6,7.032685930216024e-6,1.1003145835176964e-5,1.5015660423448008e-5,2.2070351286487435e-5,2.8317279552342602e-5,4.1608088933285505e-5,0.0003733906241382712
3.032623414557138e-7,1.121570300322887e-6,2.4506966547533693e-6,5.355289670973794e-6,8.758245654698021e-6,1.6935154293612883e-5,2.7375721159943256e-5,4.8204094608165345e-5,8.077271782223246e-5,0.00011567392143877922,0.00018039762787448634,0.0002402977960526995,0.0003733906241382712,0.0052223583493795685
5.451015115459132e-10,1.4786408870229147e-9,2.5504232565042355e-9,4.2359717470098454e-9,5.727720204152165e-9,8.432127996211822e-9,1.1082676768301954e-8,1.5243618825464532e-8,2.0432933422669017e-8,2.5154467758467667e-8,3.27825144441939e-8,3.911723811054331e-8,5.184832477081518e-8,2.492791580621385e-7
1.4786408870229147e-9,4.2591406581276265e-9,7.585019662701954e-9,1.2955583531733246e-8,1.7792957645970667e-8,2.668605823686053e-8,3.550392176970151e-8,4.9478391203821634e-8,6.705599773942304e-8,8.314633673626258e-8,1.0927436777142235e-7,1.310609450744568e-7,1.750102089364688e-7,8.840725204892281e-7
2.5504232565042355e-9,7.585019662701954e-9,1.3777812693993847e-8,2.3995055192101496e-8,3.333927116984679e-8,5.0734493398523944e-8,6.816595578019325e-8,9.603308988952155e-8,1.3136280815952728e-7,1.6388497236041757e-7,2.1694452865834675e-7,2.613538144497424e-7,3.512469849633801e-7,1.8526085324928092e-6
4.2359717470098454e-9,1.2955583531733246e-8,2.3995055192101496e-8,4.2714417259192054e-8,6.020873084840372e-8,9.339158254363255e-8,1.2718235103733015e-7,1.8193044894219638e-7,2.5218621369428115e-7,3.1741787307635706e-7,4.246116752320148e-7,5.148433850042446e-7,6.98442183321295e-7,3.921479369965124e-6
5.727720204152165e-9,1.7792957645970667e-8,3.333927116984679e-8,6.020873084840372e-8,8.57407638856396e-8,1.3491634560693844e-7,1.8566845674725774e-7,2.6882826461384224e-7,3.76636278291177e-7,4.774583022278559e-7,6.441334504764617e-7,7.850985555577059e-7,1.0731553394270957e-6,6.330642722973895e-6
8.432127996211822e-9,2.668605823686053e-8,5.0734493398523944e-8,9.339158254363255e-8,1.3491634560693844e-7,2.1684405006771888e-7,3.0328450406410656e-7,4.4763256274265993e-7,6.380190520137147e-7,8.182471620731521e-7,1.1192119625421246e-6,1.3757667945806492e-6,1.9037521196683924e-6,1.214668870289622e-5
1.1082676768301954e-8,3.550392176970151e-8,6.816595578019325e-8,1.2718235103733015e-7,1.8566845674725774e-7,3.0328450406410656e-7,4.29717571078641e-7,6.444294720122056e-7,9.320491608528841e-7,1.2073236429267168e-6,1.6711892133962936e-6,2.069397056935363e-6,2.894052130285669e-6,1.9727259042821867e-5
1.5243618825464532e-8,4.9478391203821634e-8,9.603308988952155e-8,1.8193044894219638e-7,2.6882826461384224e-7,4.4763256274265993e-7,6.444294720122056e-7,9.862423989002406e-7,1.4540179286155956e-6,1.9085873565654874e-6,2.6842723017022213e-6,3.3566461902935022e-6,4.761054212092737e-6,3.53701853411897e-5
2.0432933422669017e-8,6.705599773942304e-8,1.3136280815952728e-7,2.5218621369428115e-7,3.76636278291177e-7,6.380190520137147e-7,9.320491608528841e-7,1.4540179286155956e-6,2.1839796607601537e-6,2.904639200479333e-6,4.1506514141075106e-6,5.2416556783732125e-6,7.540727728352724e-6,6.0947548248239814e-5
2.5154467758467667e-8,8.314633673626258e-8,1.6388497236041757e-7,3.1741787307635706e-7,4.774583022278559e-7,8.182471620731521e-7,1.2073236429267168e-6,1.9085873565654874e-6,2.904639200479333e-6,3.899582175994201e-6,5.636986292356529e-6,7.1699084126569115e-6,1.042189719784989e-5,8.952772909311303e-5
3.27825144441939e-8,1.0927436777142235e-7,2.1694452865834675e-7,4.246116752320148e-7,6.441334504764617e-7,1.1192119625421246e-6,1.6711892133962936e-6,2.6842723017022213e-6,4.1506514141075106e-6,5.636986292356529e-6,8.265817457400114e-6,1.0608405424878669e-5,1.5621606033989314e-5,0.00014489577156302685
3.911723811054331e-8,1.310609450744568e-7,2.613538144497424e-7,5.148433850042446e-7,7.850985555577059e-7,1.3757667945806492e-6,2.069397056935363e-6,3.3566461902935022e-6,5.2416556783732125e-6,7.1699084126569115e-6,1.0608405424878669e-5,1.369243166476871e-5,2.0330429223265458e-5,0.00019811287265974632
5.184832477081518e-8,1.750102089364688e-7,3.512469849633801e-7,6.98442183321295e-7,1.0731553394270957e-6,1.9037521196683924e-6,2.894052130285669e-6,4.761054212092737e-6,7.540727728352724e-6,1.042189719784989e-5,1.5621606033989314e-5,2.0330429223265458e-5,3.0554193797755004e-5,0.00032059910910929416
2.492791580621385e-7,8.840725204892281e-7,1.8526085324928092e-6,3.921479369965124e-6,6.330642722973895e-6,1.214668870289622e-5,1.9727259042821867e-5,3.53701853411897e-5,6.0947548248239814e-5,8.952772909311303e-5,0.00014489577156302685,0.00019811287265974632,0.00032059910910929416,0.0058324789665752386
2.0438539164330373e-10,6.067113791243165e-10,1.086037255790246e-9,1.8562296348643406e-9,2.547562730130108e-9,3.815772554518685e-9,5.072340956733106e-9,7.065316702887859e-9,9.578310008187671e-9,1.18865508440161e-8,1.5651540967594984e-8,1.88058663881516e-8,2.5203545338780422e-8,1.3478962939932453e-7
6.067113791243165e-10,1.922895770747631e-9,3.557985516460656e-9,6.254723329634663e-9,8.71689721779092e-9,1.3294604779274674e-8,1.7880999666743824e-8,2.5221586334118912e-8,3.455378994383498e-8,4.317614117700402e-8,5.7310383033129544e-8,6.919964713890131e-8,9.340303523847509e-8,5.229275228954658e-7
1.086037255790246e-9,3.557985516460656e-9,6.711065408273862e-9,1.201337000940617e-8,1.692014989349191e-8,2.614370332538489e-8,3.54706381309942e-8,5.0513081774987e-8,6.977014089522626e-8,8.765142178048477e-8,1.1708787123624954e-7,1.419332181503061e-7,1.9267041529365726e-7,1.119415884247579e-6
1.8562296348643406e-9,6.254723329634663e-9,1.201337000940617e-8,2.1930829982892302e-8,3.1282018022233835e-8,4.914826212540062e-8,6.747041887936123e-8,9.737140965753588e-8,1.3606639261020792e-7,1.7227793204105708e-7,2.322858939391946e-7,2.832039564538229e-7,3.8769246739008493e-7,2.380074434246556e-6
2.547562730130108e-9,8.71689721779092e-9,1.692014989349191e-8,3.1282018022233835e-8,4.502333501173577e-8,7.164111389132071e-8,9.927448338759061e-8,1.4484503923553406e-7,2.0438805797081986e-7,2.604970597005355e-7,3.540261905699419e-7,4.337607076545816e-7,5.980862335764327e-7,3.84695265502377e-6
3.815772554518685e-9,1.3294604779274674e-8,2.614370332538489e-8,4.914826212540062e-8,7.164111389132071e-8,1.16198865952532e-7,1.634394705407403e-7,2.4279473857990184e-7,3.482682570229847e-7,4.4888996721630424e-7,6.183738265875111e-7,7.640589977035407e-7,1.0665655119743312e-6,7.418336965079569e-6
5.072340956733106e-9,1.7880999666743824e-8,3.54706381309942e-8,6.747041887936123e-8,9.927448338759061e-8,1.634394705407403e-7,2.3273256522665202e-7,3.511344661874334e-7,5.110616924959479e-7,6.654216577929312e-7,9.279943981525032e-7,1.1554572570364007e-6,1.6310950698764126e-6,1.2161756902752781e-5
7.065316702887859e-9,2.5221586334118912e-8,5.0513081774987e-8,9.737140965753588e-8,1.4484503923553406e-7,2.4279473857990184e-7,3.511344661874334e-7,5.407262839998144e-7,8.029010754916547e-7,1.060357548214273e-6,1.5047560779614665e-6,1.894175781542412e-6,2.716901542664621e-6,2.2312836356219505e-5
9.578310008187671e-9,3.455378994383498e-8,6.977014089522626e-8,1.3606639261020792e-7,2.0438805797081986e-7,3.482682570229847e-7,5.110616924959479e-7,8.029010754916547e-7,1.2167725822189667e-6,1.6310555506255095e-6,2.3579778007147015e-6,3.003186704748724e-6,4.38198043118229e-6,3.9802633763130655e-5
1.18865508440161e-8,4.317614117700402e-8,8.765142178048477e-8,1.7227793204105708e-7,2.604970597005355e-7,4.4888996721630424e-7,6.654216577929312e-7,1.060357548214273e-6,1.6310555506255095e-6,2.210856277730691e-6,3.2415134188088673e-6,4.1656859477357275e-6,6.158600612587196e-6,6.034678217758891e-5
1.5651540967594984e-8,5.7310383033129544e-8,1.1708787123624954e-7,2.322858939391946e-7,3.540261905699419e-7,6.183738265875111e-7,9.279943981525032e-7,1.5047560779614665e-6,2.3579778007147015e-6,3.2415134188088673e-6,4.839548611829222e-6,6.292401919314887e-6,9.464310496549077e-6,0.00010233768392480152
1.88058663881516e-8,6.919964713890131e-8,1.419332181503061e-7,2.832039564538229e-7,4.337607076545816e-7,7.640589977035407e-7,1.1554572570364007e-6,1.894175781542412e-6,3.003186704748724e-6,4.1656859477357275e-6,6.292401919314887e-6,8.24396633311155e-6,1.2540800346989863e-5,0.00014470181510722654
2.5203545338780422e-8,9.340303523847509e-8,1.9267041529365726e-7,3.8769246739008493e-7,5.980862335764327e-7,1.0665655119743312e-6,1.6310950698764126e-6,2.716901542664621e-6,4.38198043118229e-6,6.158600612587196e-6,9.464310496549077e-6,1.2540800346989863e-5,1.9403873628490754e-5,0.000247196931107112
1.3478962939932453e-7,5.229275228954658e-7,1.119415884247579e-6,2.380074434246556e-6,3.84695265502377e-6,7.418336965079569e-6,1.2161756902752781e-5,2.2312836356219505e-5,3.9802633763130655e-5,6.034678217758891e-5,0.00010233768392480152,0.00014470181510722654,0.000247196931107112,0.006068595317459424
3.520901928176404e-10,8.180757498406965e-10,1.3210611204674774e-9,2.085027348408763e-9,2.7468914253782518e-9,3.928856894375809e-9,5.0751740752473465e-9,6.863834634998065e-9,9.089060516496224e-9,1.111577894483473e-8,1.4402117740662095e-8,1.7145142791184404e-8,2.2695279326013775e-8,1.1631588829935321e-7
8.180757498406965e-10,2.012812657402852e-9,3.3591684106309525e-9,5.464579880555859e-9,7.3256648032855635e-9,1.0704432507873732e-8,1.4027989136263161e-8,1.9276146716311153e-8,2.5878208340513924e-8,3.19407055889496e-8,4.184132475123258e-8,5.0153617811400786e-8,6.706535418276525e-8,3.682876783778608e-7
1.3210611204674774e-9,3.3591684106309525e-9,5.726950322003333e-9,9.517793352981206e-9,1.2926140227374486e-8,1.9202825620578994e-8,2.545366728629453e-8,3.5428174214009605e-8,4.8099011630532755e-8,5.981813498005395e-8,7.907626152854789e-8,9.532760181602459e-8,1.2855036440655638e-7,7.472715920618035e-7
2.085027348408763e-9,5.464579880555859e-9,9.517793352981206e-9,1.6198256614317388e-8,2.2344202170784933e-8,3.389284267392513e-8,4.5599519366535323e-8,6.456525458147472e-8,8.900100469774338e-8,1.1183707434224405e-7,1.4970245604482608e-7,1.8189052409594987e-7,2.481436487965566e-7,1.5581586310669744e-6
2.7468914253782518e-9,7.3256648032855635e-9,1.2926140227374486e-8,2.2344202170784933e-8,3.116075621012233e-8,4.79973044377948e-8,6.531227809375471e-8,9.371475651589728e-8,1.3073494500533085e-7,1.656251863604821e-7,2.2390071173186788e-7,2.737312091971569e-7,3.768591584370738e-7,2.510198941020185e-6
3.928856894375809e-9,1.0704432507873732e-8,1.9202825620578994e-8,3.389284267392513e-8,4.79973044377948e-8,7.561525890230549e-8,1.0468340224003287e-7,1.5334206582191437e-7,2.179747271054452e-7,2.797317789935395e-7,3.841036553324242e-7,4.7419795977032e-7,6.622836063791625e-7,4.825718139621573e-6
5.0751740752473465e-9,1.4027989136263161e-8,2.545366728629453e-8,4.5599519366535323e-8,6.531227809375471e-8,1.0468340224003287e-7,1.4693258468272937e-7,2.1892665675620985e-7,3.1618458387684805e-7,4.1026890818262326e-7,5.709635221350783e-7,7.108499641034512e-7,1.0051441582527193e-6,7.896966768727908e-6
6.863834634998065e-9,1.9276146716311153e-8,3.5428174214009605e-8,6.456525458147472e-8,9.371475651589728e-8,1.5334206582191437e-7,2.1892665675620985e-7,3.3346245591718843e-7,4.920269682957127e-7,6.482458733715666e-7,9.193032760153808e-7,1.1582401766577148e-6,1.666693016272524e-6,1.4542407252294946e-5
9.089060516496224e-9,2.5878208340513924e-8,4.8099011630532755e-8,8.900100469774338e-8,1.3073494500533085e-7,2.179747271054452e-7,3.1618458387684805e-7,4.920269682957127e-7,7.421063039869956e-7,9.937320969655135e-7,1.4384933725699464e-6,1.8363772930624871e-6,2.6944816415171983e-6,2.6356740328342114e-5
1.111577894483473e-8,3.19407055889496e-8,5.981813498005395e-8,1.1183707434224405e-7,1.656251863604821e-7,2.797317789935395e-7,4.1026890818262326e-7,6.482458733715666e-7,9.937320969655135e-7,1.3473116403130988e-6,1.98199867291036e-6,2.5568583909969587e-6,3.810640594308627e-6,4.078277896684248e-5
1.4402117740662095e-8,4.184132475123258e-8,7.907626152854789e-8,1.4970245604482608e-7,2.2390071173186788e-7,3.841036553324242e-7,5.709635221350783e-7,9.193032760153808e-7,1.4384933725699464e-6,1.98199867291036e-6,2.9787799603204134e-6,3.897597461680269e-6,5.934007936468084e-6,7.169604518518772e-5
1.7145142791184404e-8,5.0153617811400786e-8,9.532760181602459e-8,1.8189052409594987e-7,2.737312091971569e-7,4.7419795977032e-7,7.108499641034512e-7,1.1582401766577148e-6,1.8363772930624871e-6,2.5568583909969587e-6,3.897597461680269e-6,5.148698275462321e-6,7.953392957047959e-6,0.00010432811803998959
2.2695279326013775e-8,6.706535418276525e-8,1.2855036440655638e-7,2.481436487965566e-7,3.768591584370738e-7,6.622836063791625e-7,1.0051441582527193e-6,1.666693016272524e-6,2.6944816415171983e-6,3.810640594308627e-6,5.934007936468084e-6,7.953392957047959e-6,1.2563815839177988e-5,0.000187281646962854
1.1631588829935321e-7,3.682876783778608e-7,7.472715920618035e-7,1.5581586310669744e-6,2.510198941020185e-6,4.825718139621573e-6,7.896966768727908e-6,1.4542407252294946e-5,2.6356740328342114e-5,4.078277896684248e-5,7.169604518518772e-5,0.00010432811803998959,0.000187281646962854,0.006163211998060857
8.378379545457876e-10,1.7647292791792874e-9,2.71070469625581e-9,4.0971453553286944e-9,5.26956182142459e-9,7.322795828807674e-9,9.281468004428878e-9,1.2296709694796451e-8,1.6003190498466222e-8,1.9351199225510253e-8,2.4744222658352654e-8,2.9223319909152877e-8,3.824892654619263e-8,1.8506692365496797e-7
1.7647292791792874e-9,3.802605961637548e-9,5.915744535574885e-9,9.04723876898785e-9,1.1716309929285405e-8,1.6421749313989878e-8,2.0936867869101737e-8,2.7922915802955272e-8,3.655226722570403e-8,4.437560513088024e-8,5.701862230239493e-8,6.754775053629987e-8,8.882003735558605e-8,4.445982319932567e-7
2.71070469625581e-9,5.915744535574885e-9,9.277225858819346e-9,1.4307654894598751e-8,1.8628455901654726e-8,2.629860527189585e-8,3.3705208258151386e-8,4.5229876112169386e-8,5.954395984812409e-8,7.257575847747606e-8,9.371567607389609e-8,1.113771028254439e-7,1.47168409911369e-7,7.64832002024711e-7
4.0971453553286944e-9,9.04723876898785e-9,1.4307654894598751e-8,2.2300199327301368e-8,2.926235139942922e-8,4.179124620439363e-8,5.404779343739624e-8,7.33467755900221e-8,9.760007743322842e-8,1.1988138560469212e-7,1.5632146237297822e-7,1.8697492911360641e-7,2.495059397854229e-7,1.399880449228401e-6
5.26956182142459e-9,1.1716309929285405e-8,1.8628455901654726e-8,2.926235139942922e-8,3.8646431815957455e-8,5.576226640439731e-8,7.272569949191009e-8,9.975866905409293e-8,1.3413624514521469e-7,1.6600640156702724e-7,2.1855339350527226e-7,2.630563995491641e-7,3.544280744739599e-7,2.1368054026115137e-6
7.322795828807674e-9,1.6421749313989878e-8,2.629860527189585e-8,4.179124620439363e-8,5.576226640439731e-8,8.185110921921656e-8,1.0831466596028486e-7,1.5140014969878972e-7,2.073505678221186e-7,2.600472210412326e-7,3.48155936366714e-7,4.236408514317153e-7,5.803141473916833e-7,3.926663799282063e-6
9.281468004428878e-9,2.0936867869101737e-8,3.3705208258151386e-8,5.404779343739624e-8,7.272569949191009e-8,1.0831466596028486e-7,1.4515742172117338e-7,2.0630059477820765e-7,2.871972396660035e-7,3.6446227850243885e-7,4.952383796077237e-7,6.083963174132514e-7,8.454453206998973e-7,6.280977068923251e-6
1.2296709694796451e-8,2.7922915802955272e-8,4.5229876112169386e-8,7.33467755900221e-8,9.975866905409293e-8,1.5140014969878972e-7,2.0630059477820765e-7,2.998271361260531e-7,4.2687054324085643e-7,5.5065127767125e-7,7.638387985373428e-7,9.509161049344606e-7,1.3479360841316699e-6,1.132740833123303e-5
1.6003190498466222e-8,3.655226722570403e-8,5.954395984812409e-8,9.760007743322842e-8,1.3413624514521469e-7,2.073505678221186e-7,2.871972396660035e-7,4.2687054324085643e-7,6.220819145665675e-7,8.166172723782385e-7,1.1584680077497236e-6,1.4633567541747976e-6,2.120137782249336e-6,2.0311285190023983e-5
1.9351199225510253e-8,4.437560513088024e-8,7.257575847747606e-8,1.1988138560469212e-7,1.6600640156702724e-7,2.600472210412326e-7,3.6446227850243885e-7,5.5065127767125e-7,8.166172723782385e-7,1.0865673419430737e-6,1.5690722079283198e-6,2.0054078049247133e-6,2.9574357632844304e-6,3.1446546344458346e-5
2.4744222658352654e-8,5.701862230239493e-8,9.371567607389609e-8,1.5632146237297822e-7,2.1855339350527226e-7,3.48155936366714e-7,4.952383796077237e-7,7.638387985373428e-7,1.1584680077497236e-6,1.5690722079283198e-6,2.320994652060613e-6,3.0148760634183053e-6,4.557687566885479e-6,5.594578978213928e-5
2.9223319909152877e-8,6.754775053629987e-8,1.113771028254439e-7,1.8697492911360641e-7,2.630563995491641e-7,4.236408514317153e-7,6.083963174132514e-7,9.509161049344606e-7,1.4633567541747976e-6,2.0054078049247133e-6,3.0148760634183053e-6,3.960024481936448e-6,6.09074720868686e-6,8.255740798678784e-5
3.824892654619263e-8,8.882003735558605e-8,1.47168409911369e-7,2.495059397854229e-7,3.544280744739599e-7,5.803141473916833e-7,8.454453206998973e-7,1.3479360841316699e-6,2.120137782249336e-6,2.9574357632844304e-6,4.557687566885479e-6,6.09074720868686e-6,9.625905707920028e-6,0.0001525196975249594
1.8506692365496797e-7,4.445982319932567e-7,7.64832002024711e-7,1.399880449228401e-6,2.1368054026115137e-6,3.926663799282063e-6,6.280977068923251e-6,1.132740833123303e-5,2.0311285190023983e-5,3.1446546344458346e-5,5.594578978213928e-5,8.255740798678784e-5,0.0001525196975249594,0.006095821908096602
1.5228366255771353e-9,3.0374989248447766e-9,4.541025471525182e-9,6.7055203342402025e-9,8.513436442588324e-9,1.1647781253918858e-8,1.4611610561587868e-8,1.9140049674427197e-8,2.4666909790885498e-8,2.963209197883672e-8,3.7590302496767954e-8,4.417139119571614e-8,5.7374980410748924e-8,2.612242141882396e-7
3.0374989248447766e-9,6.15316321074577e-9,9.278855327298143e-9,1.3812556135700583e-8,1.7620075152461555e-8,2.4251809053337562e-8,3.054883141243781e-8,4.020499053593679e-8,5.203144600774494e-8,6.268431259463987e-8,7.979938598287315e-8,9.398112804669133e-8,1.224886839358559e-7,5.722503030038184e-7
4.541025471525182e-9,9.278855327298143e-9,1.4069905296645663e-8,2.107089140915084e-8,2.6986703749715654e-8,3.734922818042482e-8,4.724135305759378e-8,6.248417465691073e-8,8.124313290884238e-8,9.820382357995785e-8,1.2554558160235125e-7,1.4826644110277024e-7,1.9406621436416161e-7,9.387883886372491e-7
6.7055203342402025e-9,1.3812556135700583e-8,2.107089140915084e-8,3.1816316788574465e-8,4.1012058239074754e-8,5.7325876252506577e-8,7.309296840671852e-8,9.767010926117117e-8,1.2826897046591645e-7,1.561855250238135e-7,2.0155938516582267e-7,2.3952757775419906e-7,3.1657748756566124e-7,1.6586245626025518e-6
8.513436442588324e-9,1.7620075152461555e-8,2.6986703749715654e-8,4.1012058239074754e-8,5.316205871339998e-8,7.499452890299917e-8,9.636286426547503e-8,1.3006484254274798e-7,1.7251982927645014e-7,2.1160619024115867e-7,2.756555015202499e-7,3.2961920091255435e-7,4.398490463254906e-7,2.4835856574223097e-6
1.1647781253918858e-8,2.4251809053337562e-8,3.734922818042482e-8,5.7325876252506577e-8,7.499452890299917e-8,1.0746683813470869e-7,1.3996831444622236e-7,1.9230868506863204e-7,2.596121950337515e-7,3.2255271096060834e-7,4.2713299412923906e-7,5.162626693102452e-7,7.003094165483972e-7,4.452109028424938e-6
1.4611610561587868e-8,3.054883141243781e-8,4.724135305759378e-8,7.309296840671852e-8,9.636286426547503e-8,1.3996831444622236e-7,1.8447940313739004e-7,2.575039022096362e-7,3.531360480549248e-7,4.438085171693327e-7,5.962979403708316e-7,7.275451162498882e-7,1.0010623978581324e-6,7.001591466361341e-6
1.9140049674427197e-8,4.020499053593679e-8,6.248417465691073e-8,9.767010926117117e-8,1.3006484254274798e-7,1.9230868506863204e-7,2.575039022096362e-7,3.6721636579365915e-7,5.146373494825627e-7,6.57170893538694e-7,9.010190373493063e-7,1.1138273997584973e-6,1.5630363296129574e-6,1.2390390793095443e-5
2.4666909790885498e-8,5.203144600774494e-8,8.124313290884238e-8,1.2826897046591645e-7,1.7251982927645014e-7,2.596121950337515e-7,3.531360480549248e-7,5.146373494825627e-7,7.377580914618929e-7,9.582780246475615e-7,1.3430159446337106e-6,1.6841461401956136e-6,2.4148130550437134e-6,2.184024764596515e-5
2.963209197883672e-8,6.268431259463987e-8,9.820382357995785e-8,1.561855250238135e-7,2.1160619024115867e-7,3.2255271096060834e-7,4.438085171693327e-7,6.57170893538694e-7,9.582780246475615e-7,1.2612319052460467e-6,1.7985994823090536e-6,2.2815344198104095e-6,3.3288944298393017e-6,3.342582180136961e-5
3.7590302496767954e-8,7.979938598287315e-8,1.2554558160235125e-7,2.0155938516582267e-7,2.756555015202499e-7,4.2713299412923906e-7,5.962979403708316e-7,9.010190373493063e-7,1.3430159446337106e-6,1.7985994823090536e-6,2.6260096271901604e-6,3.384454501343356e-6,5.0599115394037815e-6,5.868009420819309e-5
4.417139119571614e-8,9.398112804669133e-8,1.4826644110277024e-7,2.3952757775419906e-7,3.2961920091255435e-7,5.162626693102452e-7,7.275451162498882e-7,1.1138273997584973e-6,1.6841461401956136e-6,2.2815344198104095e-6,3.384454501343356e-6,4.4098864883689235e-6,6.7059058082378345e-6,8.589756111448296e-5
5.7374980410748924e-8,1.224886839358559e-7,1.9406621436416161e-7,3.1657748756566124e-7,4.398490463254906e-7,7.003094165483972e-7,1.0010623978581324e-6,1.5630363296129574e-6,2.4148130550437134e-6,3.3288944298393017e-6,5.0599115394037815e-6,6.7059058082378345e-6,1.0473676541213108e-5,0.00015683795476912948
2.612242141882396e-7,5.722503030038184e-7,9.387883886372491e-7,1.6586245626025518e-6,2.4835856574223097e-6,4.452109028424938e-6,7.001591466361341e-6,1.2390390793095443e-5,2.184024764596515e-5,3.342582180136961e-5,5.868009420819309e-5,8.589756111448296e-5,0.00015683795476912948,0.005929516841955078
3.953869656694089e-9,6.600633012382761e-9,9.054574763547112e-9,1.2438451507108048e-8,1.5183026314364912e-8,1.982882915767363e-8,2.41309305433622e-8,3.0585745821535087e-8,3.832297587725963e-8,4.517451287010085e-8,5.6006418293358234e-8,6.48538954991985e-8,8.237775916878727e-8,3.099035112444819e-7
6.600633012382761e-9,1.1375299253060179e-8,1.594655625197038e-8,2.2409432780972736e-8,2.7752337346088706e-8,3.694959776104815e-8,4.5598292433229324e-8,5.875260806240877e-8,7.473067139607345e-8,8.902306504910863e-8,1.1182237882275471e-7,1.3058580778197133e-7,1.6801950105713548e-7,7.017816583555961e-7
9.054574763547112e-9,1.594655625197038e-8,2.272965880414572e-8,3.2555001353763734e-8,4.083606994261684e-8,5.534045841773528e-8,6.919870264508964e-8,9.057659806389333e-8,1.1690136062356385e-7,1.406936281131446e-7,1.7899575819924107e-7,2.1075846850188056e-7,2.745856330854561e-7,1.2645123069801455e-6
1.2438451507108048e-8,2.2409432780972736e-8,3.2555001353763734e-8,4.7740302037741366e-8,6.08913607883292e-8,8.450182900586528e-8,1.0757510625492552e-7,1.4388156145855567e-7,1.8944438901225664e-7,2.312089256583153e-7,2.9927643583416445e-7,3.5629588532735704e-7,4.719670606408566e-7,2.4529176551397363e-6
1.5183026314364912e-8,2.7752337346088706e-8,4.083606994261684e-8,6.08913607883292e-8,7.86159429807762e-8,1.1103740505200153e-7,1.4326229074500512e-7,1.9472200391843404e-7,2.602023774090552e-7,3.20836718529875e-7,4.2052570242651973e-7,5.046274880767915e-7,6.763605671663651e-7,3.8072908340999714e-6
1.982882915767363e-8,3.694959776104815e-8,5.534045841773528e-8,8.450182900586528e-8,1.1103740505200153e-7,1.6093842503597152e-7,2.1181842996236436e-7,2.949042073333094e-7,4.0285832652832607e-7,5.043508211972064e-7,6.733872967176552e-7,8.174792907174284e-7,1.1145176423972427e-6,7.001251297910687e-6
2.41309305433622e-8,4.5598292433229324e-8,6.919870264508964e-8,1.0757510625492552e-7,1.4326229074500512e-7,2.1181842996236436e-7,2.831660642971867e-7,4.018597675419322e-7,5.588084664124315e-7,7.082545029135503e-7,9.598659563743833e-7,1.1761997846092574e-6,1.6256575600301065e-6,1.1115328712092057e-5
3.0585745821535087e-8,5.875260806240877e-8,9.057659806389333e-8,1.4388156145855567e-7,1.9472200391843404e-7,2.949042073333094e-7,4.018597675419322e-7,5.842105897054732e-7,8.312001167643698e-7,1.070587116137695e-6,1.479761781550913e-6,1.835797265327286e-6,2.5835212466700184e-6,1.9704744931929726e-5
3.832297587725963e-8,7.473067139607345e-8,1.1690136062356385e-7,1.8944438901225664e-7,2.602023774090552e-7,4.0285832652832607e-7,5.588084664124315e-7,8.312001167643698e-7,1.2096308566364135e-6,1.5836603657604233e-6,2.2339369632706205e-6,2.8074304264760093e-6,4.026506850008576e-6,3.439289993488208e-5
4.517451287010085e-8,8.902306504910863e-8,1.406936281131446e-7,2.312089256583153e-7,3.20836718529875e-7,5.043508211972064e-7,7.082545029135503e-7,1.070587116137695e-6,1.5836603657604233e-6,2.0986852435657175e-6,3.0066306184478526e-6,3.8162952911970344e-6,5.554632091631858e-6,5.176904041655622e-5
5.6006418293358234e-8,1.1182237882275471e-7,1.7899575819924107e-7,2.9927643583416445e-7,4.2052570242651973e-7,6.733872967176552e-7,9.598659563743833e-7,1.479761781550913e-6,2.2339369632706205e-6,3.0066306184478526e-6,4.395155805131191e-6,5.652766214920343e-6,8.390990546780695e-6,8.779808240147211e-5
6.48538954991985e-8,1.3058580778197133e-7,2.1075846850188056e-7,3.5629588532735704e-7,5.046274880767915e-7,8.174792907174284e-7,1.1761997846092574e-6,1.835797265327286e-6,2.8074304264760093e-6,3.8162952911970344e-6,5.652766214920343e-6,7.334001311329234e-6,1.1030686360684755e-5,0.00012469200578878455
8.237775916878727e-8,1.6801950105713548e-7,2.745856330854561e-7,4.719670606408566e-7,6.763605671663651e-7,1.1145176423972427e-6,1.6256575600301065e-6,2.5835212466700184e-6,4.026506850008576e-6,5.554632091631858e-6,8.390990546780695e-6,1.1030686360684755e-5,1.6925146165577303e-5,0.00021538731707172021
3.099035112444819e-7,7.017816583555961e-7,1.2645123069801455e-6,2.4529176551397363e-6,3.8072908340999714e-6,7.001251297910687e-6,1.1115328712092057e-5,1.9704744931929726e-5,3.439289993488208e-5,5.176904041655622e-5,8.779808240147211e-5,0.00012469200578878455,0.00021538731707172021,0.005919913514389264
2.8513805568063857e-9,5.3245697504288475e-9,7.804840211688062e-9,1.1410886957894608e-8,1.4445871144883099e-8,1.9739505237917064e-8,2.4766218247287386e-8,3.245819634784312e-8,4.183123343723774e-8,5.021775386660348e-8,6.357302906222533e-8,7.453415967809612e-8,9.632399718175449e-8,3.9250712835026953e-7
5.3245697504288475e-9,1.0769877397920346e-8,1.6575853366322885e-8,2.538224968263229e-8,3.301714987026497e-8,4.666226788020272e-8,5.989273649225878e-8,8.049300403108737e-8,1.0599770481052831e-7,1.2908078100347672e-7,1.6619859774053037e-7,1.9690286471705964e-7,2.5838965248281607e-7,1.171943265896698e-6
7.804840211688062e-9,1.6575853366322885e-8,2.6322401532616777e-8,4.155878173824967e-8,5.50528580149141e-8,7.959573495854201e-8,1.0374991421591118e-7,1.4182400195838672e-7,1.8949037074851391e-7,2.329743823033945e-7,3.0336440745434507e-7,3.6190335224991026e-7,4.797099047735045e-7,2.3283959324301014e-6
1.1410886957894608e-8,2.538224968263229e-8,4.155878173824967e-8,6.768901144508826e-8,9.140359091071079e-8,1.3543652568525666e-7,1.7954608636199357e-7,2.5010236991903367e-7,3.3961078831761015e-7,4.2203444701416786e-7,5.565063124325765e-7,6.69035964438078e-7,8.967923430245525e-7,4.687809383437383e-6
1.4445871144883099e-8,3.301714987026497e-8,5.50528580149141e-8,9.140359091071079e-8,1.2495922374116636e-7,1.8822192496815426e-7,2.5244472948116056e-7,3.5632567497961874e-7,4.894448094883627e-7,6.129031605901908e-7,8.155173171076191e-7,9.858647565839528e-7,1.3321155318723745e-6,7.33911180428313e-6
1.9739505237917064e-8,4.666226788020272e-8,7.959573495854201e-8,1.3543652568525666e-7,1.8822192496815426e-7,2.9004573867679423e-7,3.955944554507921e-7,5.693967727986898e-7,7.957593958983661e-7,1.008111097392958e-6,1.359930439186593e-6,1.6579294529950737e-6,2.2677417675727708e-6,1.3519653079920876e-5
2.4766218247287386e-8,5.989273649225878e-8,1.0374991421591118e-7,1.7954608636199357e-7,2.5244472948116056e-7,3.955944554507921e-7,5.465629685115439e-7,7.990375344847609e-7,1.1326066316386463e-6,1.4487207773195365e-6,1.9768607530773764e-6,2.4271422556953477e-6,3.3540205697396694e-6,2.134435307350352e-5
3.245819634784312e-8,8.049300403108737e-8,1.4182400195838672e-7,2.5010236991903367e-7,3.5632567497961874e-7,5.693967727986898e-7,7.990375344847609e-7,1.191156808239781e-6,1.7196637231304615e-6,2.2277410211480558e-6,3.0867206553845823e-6,3.825835553728373e-6,5.359836895031116e-6,3.71854437907349e-5
4.183123343723774e-8,1.0599770481052831e-7,1.8949037074851391e-7,3.3961078831761015e-7,4.894448094883627e-7,7.957593958983661e-7,1.1326066316386463e-6,1.7196637231304615e-6,2.527411711284196e-6,3.3158717549097317e-6,4.665959673164316e-6,5.839143093632117e-6,8.295470439488257e-6,6.276645851364823e-5
5.021775386660348e-8,1.2908078100347672e-7,2.329743823033945e-7,4.2203444701416786e-7,6.129031605901908e-7,1.008111097392958e-6,1.4487207773195365e-6,2.2277410211480558e-6,3.3158717549097317e-6,4.390300094373988e-6,6.24811676645519e-6,7.874762888836673e-6,1.1303507530583463e-5,9.11379394291687e-5
6.357302906222533e-8,1.6619859774053037e-7,3.0336440745434507e-7,5.565063124325765e-7,8.155173171076191e-7,1.359930439186593e-6,1.9768607530773764e-6,3.0867206553845823e-6,4.665959673164316e-6,6.24811676645519e-6,9.018717505546475e-6,1.1468726410573257e-5,1.6678892239303544e-5,0.00014573811899743665
7.453415967809612e-8,1.9690286471705964e-7,3.6190335224991026e-7,6.69035964438078e-7,9.858647565839528e-7,1.6579294529950737e-6,2.4271422556953477e-6,3.825835553728373e-6,5.839143093632117e-6,7.874762888836673e-6,1.1468726410573257e-5,1.4667547826678495e-5,2.1510130690693042e-5,0.0001979525930397376
9.632399718175449e-8,2.5838965248281607e-7,4.797099047735045e-7,8.967923430245525e-7,1.3321155318723745e-6,2.2677417675727708e-6,3.3540205697396694e-6,5.359836895031116e-6,8.295470439488257e-6,1.1303507530583463e-5,1.6678892239303544e-5,2.1510130690693042e-5,3.193740785258361e-5,0.0003177159612436968
3.9250712835026953e-7,1.171943265896698e-6,2.3283959324301014e-6,4.687809383437383e-6,7.33911180428313e-6,1.3519653079920876e-5,2.134435307350352e-5,3.71854437907349e-5,6.276645851364823e-5,9.11379394291687e-5,0.00014573811899743665,0.0001979525930397376,0.0003177159612436968,0.005539323568081672
4.151214147209502e-9,8.972507319308696e-9,1.4010167609714081e-8,2.1499694636564082e-8,2.7885177653923697e-8,3.9112363480045977e-8,4.982207633805305e-8,6.623228056462325e-8,8.620362782768235e-8,1.0402382784480542e-7,1.322999298763426e-7,1.5542455152196234e-7,2.0122153873881792e-7,7.966470860115971e-7
8.972507319308696e-9,2.0450273945249404e-8,3.29488792068299e-8,5.206396143170587e-8,6.868377089376276e-8,9.837252480344917e-8,1.2707441668603675e-7,1.7153652846860498e-7,2.261800673265891e-7,2.752765551368222e-7,3.53633441109632e-7,4.180157072041115e-7,5.460801412165553e-7,2.3073562121118754e-6
1.4010167609714081e-8,3.29488792068299e-8,5.4189420638804685e-8,8.741759147863487e-8,1.1678168485278853e-7,1.6994374588223111e-7,2.21925183614605e-7,3.0319984759636026e-7,4.039170370493132e-7,4.949385761892302e-7,6.409134965487237e-7,7.61322124234711e-7,1.0016973465081374e-6,4.45471512706478e-6
2.1499694636564082e-8,5.206396143170587e-8,8.741759147863487e-8,1.4424454619442916e-7,1.9552568783793134e-7,2.900411296296309e-7,3.838804855201249e-7,5.324528189882407e-7,7.186361645334996e-7,8.882157660692651e-7,1.1619428332482553e-6,1.3888960456932422e-6,1.844131216433276e-6,8.746390165587342e-6
2.7885177653923697e-8,6.868377089376276e-8,1.1678168485278853e-7,1.9552568783793134e-7,2.676820102108422e-7,4.0252000852221287e-7,5.380114577119344e-7,7.546726010391814e-7,1.0285941673036184e-6,1.2796273040991875e-6,1.686891537510535e-6,2.0259211007593674e-6,2.7084745822599386e-6,1.3474531826034364e-5
3.9112363480045977e-8,9.837252480344917e-8,1.6994374588223111e-7,2.900411296296309e-7,4.0252000852221287e-7,6.17191375945128e-7,8.370572695904547e-7,1.1943374356846164e-6,1.6525691684365716e-6,2.076707969810806e-6,2.77043933234952e-6,3.351651033373959e-6,4.528638979078829e-6,2.4227347359756237e-5
4.982207633805305e-8,1.2707441668603675e-7,2.21925183614605e-7,3.838804855201249e-7,5.380114577119344e-7,8.370572695904547e-7,1.1481619533029689e-6,1.6606395576783422e-6,2.3260361762780273e-6,2.9471802732224824e-6,3.970199344680343e-6,4.8319403269799276e-6,6.585594799615253e-6,3.734677685253471e-5
