x1,x2,x3,x4,x5,x6,x7,x8,x9,x10,x11,x12,x13,x14,x15,x16,x17,x18
1.1694778287482173e-19,9.385125635205139e-17,3.6900571674547465e-16,7.201269284661755e-16,9.869500500855521e-16,1.2075721225443987e-15,1.4230208763980249e-15,1.8138063944043682e-15,2.011089946928366e-15,2.4031496063313776e-15,2.8349387984180236e-15,3.0771677529151774e-15,3.65236209075811e-15,4.0275899470298366e-15,4.499441227941255e-15,5.171309128722205e-15,6.240859766884408e-15,2.984798161662231e-14
9.385125635205139e-17,2.1853384983639237e-10,1.8008186143762081e-9,4.425969267132186e-9,6.6280726643288004e-9,8.534994359446641e-9,1.045424864065712e-8,1.4046628643518744e-8,1.5904123380254045e-8,1.9665368635313236e-8,2.389573230938741e-8,2.630221842196815e-8,3.2095201549810904e-8,3.592434954494771e-8,4.07858720904195e-8,4.7782390727475957e-8,5.906203791658684e-8,3.535762594511039e-7
3.6900571674547465e-16,1.8008186143762081e-9,1.7433524156076967e-8,4.50978993219515e-8,6.886281332148395e-8,8.966789659996843e-8,1.1075522160773921e-7,1.5051247406956244e-7,1.7118163495157365e-7,2.1321200059873095e-7,2.607068154760654e-7,2.8780808828017153e-7,3.5324317510807413e-7,3.9661969512677756e-7,4.5180495084694567e-7,5.314071425946643e-7,6.60085302332963e-7,4.127425339405739e-6
7.201269284661755e-16,4.425969267132186e-9,4.50978993219515e-8,1.1881422057704809e-7,1.8277230918403924e-7,2.390312016878098e-7,2.9623086022900435e-7,4.04422984437871e-7,4.6080829110531023e-7,5.756870479878353e-7,7.057791576512414e-7,7.801163118645755e-7,9.598476151337153e-7,1.0791470551291936e-6,1.2310685131432836e-6,1.4504382372648708e-6,1.80549005296189e-6,1.150762528619364e-5
9.869500500855521e-16,6.6280726643288004e-9,6.886281332148395e-8,1.8277230918403924e-7,2.820659070649833e-7,3.696200436983682e-7,4.587862093476445e-7,6.277425383639402e-7,7.159162322246717e-7,8.957560650927435e-7,1.0996618692373108e-6,1.2162725425563774e-6,1.4984379244504617e-6,1.6858735782105035e-6,1.924695968325657e-6,2.2697608606278168e-6,2.8286574910681e-6,1.8225587483166948e-5
1.2075721225443987e-15,8.534994359446641e-9,8.966789659996843e-8,2.390312016878098e-7,3.696200436983682e-7,4.849655946617458e-7,6.025781489111053e-7,8.257373146611716e-7,9.423218411019075e-7,1.1803136954701858e-6,1.4504184570905455e-6,1.6049890771909534e-6,1.9792509268006125e-6,2.2280204765746566e-6,2.5451371224085246e-6,3.003559471034223e-6,3.7465055094302928e-6,2.435003171836419e-5
1.4230208763980249e-15,1.045424864065712e-8,1.1075522160773921e-7,2.9623086022900435e-7,4.587862093476445e-7,6.025781489111053e-7,7.493590482499144e-7,1.0282195083173866e-6,1.1740545456859864e-6,1.4720119499778912e-6,1.8105070889107065e-6,2.0043442211051577e-6,2.473994612086238e-6,2.7863697830186363e-6,3.1847549877084366e-6,3.760961403450032e-6,4.695375483135456e-6,3.078561277901013e-5
1.8138063944043682e-15,1.4046628643518744e-8,1.5051247406956244e-7,4.04422984437871e-7,6.277425383639402e-7,8.257373146611716e-7,1.0282195083173866e-6,1.4137680733780738e-6,1.6157769305058504e-6,2.029164512079651e-6,2.49967679594905e-6,2.7694597091526283e-6,3.423967771800503e-6,3.85984615152628e-6,4.4162563580423125e-6,5.221857766000316e-6,6.529880458590824e-6,4.3540742743674493e-5
2.011089946928366e-15,1.5904123380254045e-8,1.7118163495157365e-7,4.6080829110531023e-7,7.159162322246717e-7,9.423218411019075e-7,1.1740545456859864e-6,1.6157769305058504e-6,1.8474354986266067e-6,2.3218879458545804e-6,2.8624342712451943e-6,3.1725847885965405e-6,3.925548309471231e-6,4.427334799255148e-6,5.068199309029712e-6,5.9965989330389234e-6,7.50500901560052e-6,5.049131085721943e-5
2.4031496063313776e-15,1.9665368635313236e-8,2.1321200059873095e-7,5.756870479878353e-7,8.957560650927435e-7,1.1803136954701858e-6,1.4720119499778912e-6,2.029164512079651e-6,2.3218879458545804e-6,2.92238678211542e-6,3.6079076799962876e-6,4.001795648529274e-6,4.959438502287463e-6,5.598539013460539e-6,6.415642197982562e-6,7.600764365677702e-6,9.52901724765905e-6,6.531180009543515e-5
2.8349387984180236e-15,2.389573230938741e-8,2.607068154760654e-7,7.057791576512414e-7,1.0996618692373108e-6,1.4504184570905455e-6,1.8105070889107065e-6,2.49967679594905e-6,2.8624342712451943e-6,3.6079076799962876e-6,4.460827879818657e-6,4.951695568603737e-6,6.1471550602990766e-6,6.9463239966642594e-6,7.96938024690084e-6,9.455354244900766e-6,1.1877279369854861e-5,8.321394552569809e-5
3.0771677529151774e-15,2.630221842196815e-8,2.8780808828017153e-7,7.801163118645755e-7,1.2162725425563774e-6,1.6049890771909534e-6,2.0043442211051577e-6,2.7694597091526283e-6,3.1725847885965405e-6,4.001795648529274e-6,4.951695568603737e-6,5.498882409410754e-6,6.8328263510864605e-6,7.725468371044973e-6,8.869052654574415e-6,1.0531527553655716e-5,1.324394015312998e-5,9.399850704984477e-5
3.65236209075811e-15,3.2095201549810904e-8,3.5324317510807413e-7,9.598476151337153e-7,1.4984379244504617e-6,1.9792509268006125e-6,2.473994612086238e-6,3.423967771800503e-6,3.925548309471231e-6,4.959438502287463e-6,6.1471550602990766e-6,6.8328263510864605e-6,8.508398232225505e-6,9.632428003441147e-6,1.1075185576598334e-5,1.3177152225648493e-5,1.6615662945354425e-5,0.00012177399079482478
4.0275899470298366e-15,3.592434954494771e-8,3.9661969512677756e-7,1.0791470551291936e-6,1.6858735782105035e-6,2.2280204765746566e-6,2.7863697830186363e-6,3.85984615152628e-6,4.427334799255148e-6,5.598539013460539e-6,6.9463239966642594e-6,7.725468371044973e-6,9.632428003441147e-6,1.0913776198538107e-5,1.256056520240314e-5,1.4963343761728348e-5,1.890104450348284e-5,0.00014153229781807986
4.499441227941255e-15,4.07858720904195e-8,4.5180495084694567e-7,1.2310685131432836e-6,1.924695968325657e-6,2.5451371224085246e-6,3.1847549877084366e-6,4.4162563580423125e-6,5.068199309029712e-6,6.415642197982562e-6,7.96938024690084e-6,8.869052654574415e-6,1.1075185576598334e-5,1.256056520240314e-5,1.4472649662298356e-5,1.7267774151531348e-5,2.1859073786061173e-5,0.0001681732248748845
5.171309128722205e-15,4.7782390727475957e-8,5.314071425946643e-7,1.4504382372648708e-6,2.2697608606278168e-6,3.003559471034223e-6,3.760961403450032e-6,5.221857766000316e-6,5.9965989330389234e-6,7.600764365677702e-6,9.455354244900766e-6,1.0531527553655716e-5,1.3177152225648493e-5,1.4963343761728348e-5,1.7267774151531348e-5,2.0645350456022942e-5,2.6211641064269293e-5,0.00020939999422619647
6.240859766884408e-15,5.906203791658684e-8,6.60085302332963e-7,1.80549005296189e-6,2.8286574910681e-6,3.7465055094302928e-6,4.695375483135456e-6,6.529880458590824e-6,7.50500901560052e-6,9.52901724765905e-6,1.1877279369854861e-5,1.324394015312998e-5,1.6615662945354425e-5,1.890104450348284e-5,2.1859073786061173e-5,2.6211641064269293e-5,3.342033408029387e-5,0.0002822784597133732
2.984798161662231e-14,3.535762594511039e-7,4.127425339405739e-6,1.150762528619364e-5,1.8225587483166948e-5,2.435003171836419e-5,3.078561277901013e-5,4.3540742743674493e-5,5.049131085721943e-5,6.531180009543515e-5,8.321394552569809e-5,9.399850704984477e-5,0.00012177399079482478,0.00014153229781807986,0.0001681732248748845,0.00020939999422619647,0.0002822784597133732,0.004681371573456249
1.6768527732282643e-11,3.356397446934733e-10,9.45037878675096e-10,1.6302032711466093e-9,2.123998037092476e-9,2.5217752495700246e-9,2.9034527272503473e-9,3.5827709152139028e-9,3.9206047891678885e-9,4.583757961070853e-9,5.303575973164342e-9,5.703309309246906e-9,6.642643782521325e-9,7.248994639408127e-9,8.005424166284035e-9,9.072642772042265e-9,1.075239857380268e-8,4.150665157104572e-8
3.356397446934733e-10,1.2010139332639597e-8,3.9810421856995804e-8,7.373959466022075e-8,9.90938087415007e-8,1.1989123121089386e-7,1.4009335148985722e-7,1.765258680609137e-7,1.9483147760649922e-7,2.3105894890238012e-7,2.7074851990173925e-7,2.929268716166902e-7,3.453651767022629e-7,3.7941849996307366e-7,4.2208820183629313e-7,4.825890084697818e-7,5.783865029766244e-7,2.5227335271926964e-6
9.45037878675096e-10,3.9810421856995804e-8,1.4291116364029e-7,2.7585175047815075e-7,3.777527157675682e-7,4.6241974936780513e-7,5.453833281005549e-7,6.964051456934529e-7,7.728406210469271e-7,9.249843223506917e-7,1.0927603734104058e-6,1.1869232291568306e-6,1.410519765109678e-6,1.5563302995648163e-6,1.7395936275650691e-6,2.000331388836151e-6,2.414883157522408e-6,1.1378056189576436e-5
1.6302032711466093e-9,7.373959466022075e-8,2.7585175047815075e-7,5.451748725595045e-7,7.549629817340076e-7,9.30712086854203e-7,1.1038937436998705e-6,1.4210473000502937e-6,1.5823184916078113e-6,1.9045187775637332e-6,2.2613155486270957e-6,2.462124494832996e-6,2.9402686320788352e-6,3.252901853471033e-6,3.646599401885072e-6,4.2079455364524105e-6,5.102747843517851e-6,2.5185930186385966e-5
2.123998037092476e-9,9.90938087415007e-8,3.777527157675682e-7,7.549629817340076e-7,1.0511678845941809e-6,1.3003710608175474e-6,1.5466564773678253e-6,1.999125967950295e-6,2.229777149898605e-6,2.6915026296121394e-6,3.2039520365834204e-6,3.4927949958270396e-6,4.181566075475173e-6,4.632557086765205e-6,5.201076500082745e-6,6.012626957792244e-6,7.308046426344107e-6,3.694679588998863e-5
2.5217752495700246e-9,1.1989123121089386e-7,4.6241974936780513e-7,9.30712086854203e-7,1.3003710608175474e-6,1.6122655496861027e-6,1.9211320238252675e-6,2.4898367179191095e-6,2.7802479374970027e-6,3.3624201275020212e-6,4.009580604159722e-6,4.374743804589556e-6,5.246424538491465e-6,5.817762985379335e-6,6.538529127403304e-6,7.568265220710113e-6,9.213589281018873e-6,4.737031790002609e-5
2.9034527272503473e-9,1.4009335148985722e-7,5.453833281005549e-7,1.1038937436998705e-6,1.5466564773678253e-6,1.9211320238252675e-6,2.2926167941560633e-6,2.9779499154213115e-6,3.3284602412383577e-6,4.031991596041298e-6,4.815180589345194e-6,5.257524547210173e-6,6.314449707306546e-6,7.007846146403723e-6,7.883184710732412e-6,9.134698781918116e-6,1.113618412129065e-5,5.811607720027524e-5
3.5827709152139028e-9,1.765258680609137e-7,6.964051456934529e-7,1.4210473000502937e-6,1.999125967950295e-6,2.4898367179191095e-6,2.9779499154213115e-6,3.881264848109696e-6,4.344438150787712e-6,5.276055614112753e-6,6.315674965748748e-6,6.903816732590196e-6,8.311407588911382e-6,9.236330081979493e-6,1.0405310088385158e-5,1.2078845428610284e-5,1.4759430707175519e-5,7.898047660548933e-5
3.9206047891678885e-9,1.9483147760649922e-7,7.728406210469271e-7,1.5823184916078113e-6,2.229777149898605e-6,2.7802479374970027e-6,3.3284602412383577e-6,4.344438150787712e-6,4.8659985321399746e-6,5.916109474299448e-6,7.089343077591107e-6,7.753611253018631e-6,9.344685224572634e-6,1.0391004136075913e-5,1.1714186980545539e-5,1.3609726534117817e-5,1.6648292656863062e-5,9.01844843461738e-5
4.583757961070853e-9,2.3105894890238012e-7,9.249843223506917e-7,1.9045187775637332e-6,2.6915026296121394e-6,3.3624201275020212e-6,4.031991596041298e-6,5.276055614112753e-6,5.916109474299448e-6,7.207265723911164e-6,8.653123096113101e-6,9.473056858557146e-6,1.1440170469108107e-5,1.2735845799854373e-5,1.4376304885484353e-5,1.6729492507111573e-5,2.0507699805323934e-5,0.00011380583146646721
5.303575973164342e-9,2.7074851990173925e-7,1.0927603734104058e-6,2.2613155486270957e-6,3.2039520365834204e-6,4.009580604159722e-6,4.815180589345194e-6,6.315674965748748e-6,7.089343077591107e-6,8.653123096113101e-6,1.0408565099775794e-5,1.1405801895360603e-5,1.3802606057667384e-5,1.5384138038231477e-5,1.738920394833487e-5,2.0269771989511567e-5,2.490317575585724e-5,0.00014192427669218794
5.703309309246906e-9,2.929268716166902e-7,1.1869232291568306e-6,2.462124494832996e-6,3.4927949958270396e-6,4.374743804589556e-6,5.257524547210173e-6,6.903816732590196e-6,7.753611253018631e-6,9.473056858557146e-6,1.1405801895360603e-5,1.2504822956293897e-5,1.5148931609340211e-5,1.6895419401704043e-5,1.9111308250455957e-5,2.2297518626017915e-5,2.7427918732981348e-5,0.00015865763741563645
6.642643782521325e-9,3.453651767022629e-7,1.410519765109678e-6,2.9402686320788352e-6,4.181566075475173e-6,5.246424538491465e-6,6.314449707306546e-6,8.311407588911382e-6,9.344685224572634e-6,1.1440170469108107e-5,1.3802606057667384e-5,1.5148931609340211e-5,1.839567976001473e-5,2.0545365392465932e-5,2.3277782297415592e-5,2.7214879204686357e-5,3.357033605311453e-5,0.00020107601499595712
7.248994639408127e-9,3.7941849996307366e-7,1.5563302995648163e-6,3.252901853471033e-6,4.632557086765205e-6,5.817762985379335e-6,7.007846146403723e-6,9.236330081979493e-6,1.0391004136075913e-5,1.2735845799854373e-5,1.5384138038231477e-5,1.6895419401704043e-5,2.0545365392465932e-5,2.296569041212604e-5,2.6045708044218775e-5,3.0489628240858505e-5,3.767497833648284e-5,0.00023069591936209134
8.005424166284035e-9,4.2208820183629313e-7,1.7395936275650691e-6,3.646599401885072e-6,5.201076500082745e-6,6.538529127403304e-6,7.883184710732412e-6,1.0405310088385158e-5,1.1714186980545539e-5,1.4376304885484353e-5,1.738920394833487e-5,1.9111308250455957e-5,2.3277782297415592e-5,2.6045708044218775e-5,2.9573097134146114e-5,3.467090308275312e-5,4.293017852845155e-5,0.00026998593699820557
9.072642772042265e-9,4.825890084697818e-7,2.000331388836151e-6,4.2079455364524105e-6,6.012626957792244e-6,7.568265220710113e-6,9.134698781918116e-6,1.2078845428610284e-5,1.3609726534117817e-5,1.6729492507111573e-5,2.0269771989511567e-5,2.2297518626017915e-5,2.7214879204686357e-5,3.0489628240858505e-5,3.467090308275312e-5,4.072723541483616e-5,5.056652392169745e-5,0.00032954090856103724
1.075239857380268e-8,5.783865029766244e-7,2.414883157522408e-6,5.102747843517851e-6,7.308046426344107e-6,9.213589281018873e-6,1.113618412129065e-5,1.4759430707175519e-5,1.6648292656863062e-5,2.0507699805323934e-5,2.490317575585724e-5,2.7427918732981348e-5,3.357033605311453e-5,3.767497833648284e-5,4.293017852845155e-5,5.056652392169745e-5,6.302239056918499e-5,0.0004319840085889696
4.150665157104572e-8,2.5227335271926964e-6,1.1378056189576436e-5,2.5185930186385966e-5,3.694679588998863e-5,4.737031790002609e-5,5.811607720027524e-5,7.898047660548933e-5,9.01844843461738e-5,0.00011380583146646721,0.00014192427669218794,0.00015865763741563645,0.00020107601499595712,0.00023069591936209134,0.00026998593699820557,0.00032954090856103724,0.0004319840085889696,0.005433668289690748
6.303347981831433e-10,6.300991418970054e-9,1.5530463509885174e-8,2.5370140691512143e-8,3.229638787753419e-8,3.780903907191008e-8,4.305398424647122e-8,5.229957581965859e-8,5.686080993639399e-8,6.575359171700418e-8,7.532694242951566e-8,8.061203677213876e-8,9.2955395814797e-8,1.0087330672523958e-7,1.1070348625194984e-7,1.2449475003683055e-7,1.460490151104681e-7,4.894264710597504e-7
6.300991418970054e-9,9.182445611956881e-8,2.5472152247010615e-7,4.391689768600477e-7,5.726117001334172e-7,6.803043398468937e-7,7.837395258950303e-7,9.679247349608174e-7,1.059512211015997e-6,1.2391949021187058e-6,1.4340081499948844e-6,1.5420712733906106e-6,1.7956416899742198e-6,1.9590499256669698e-6,2.16261102518662e-6,2.449291247388616e-6,2.899422159796248e-6,1.0783834560287085e-5
1.5530463509885174e-8,2.5472152247010615e-7,7.384342055533541e-7,1.3005495345753984e-6,1.7121604168421999e-6,2.046388849567322e-6,2.3687479177473773e-6,2.9453389581378856e-6,3.2330537997212704e-6,3.7990677756076223e-6,4.414659972743606e-6,4.756842083628043e-6,5.561420225534293e-6,6.080951546926548e-6,6.729092215980924e-6,7.643392715194502e-6,9.081842692356047e-6,3.523353334740373e-5
2.5370140691512143e-8,4.391689768600477e-7,1.3005495345753984e-6,2.3157180079178025e-6,3.06429940269441e-6,3.6743789347497143e-6,4.264279786957673e-6,5.322290483838006e-6,5.851357652156197e-6,6.8939408999561905e-6,8.030027578725803e-6,8.662344292303835e-6,1.0151005292504234e-5,1.111345058191081e-5,1.2315236758464098e-5,1.401226764886245e-5,1.6685453641228962e-5,6.636411356904759e-5
3.229638787753419e-8,5.726117001334172e-7,1.7121604168421999e-6,3.06429940269441e-6,4.065016478618604e-6,4.8822299308781415e-6,5.673540889214085e-6,7.0950121731712004e-6,7.806712629084426e-6,9.210588279576367e-6,1.074210746666615e-5,1.159516313047368e-5,1.3605025288447329e-5,1.490539501144233e-5,1.6530020746135305e-5,1.8825539628595115e-5,2.24441325513625e-5,9.055494077647448e-5
3.780903907191008e-8,6.803043398468937e-7,2.046388849567322e-6,3.6743789347497143e-6,4.8822299308781415e-6,5.870008945990467e-6,6.827477242914615e-6,8.549438616972552e-6,9.412398279174876e-6,1.1115939411469383e-5,1.2976000468823848e-5,1.4012668623096384e-5,1.645657358594662e-5,1.803867895386203e-5,2.0016132663534976e-5,2.2811519070083227e-5,2.722063610489438e-5,0.00011102891744467269
4.305398424647122e-8,7.837395258950303e-7,2.3687479177473773e-6,4.264279786957673e-6,5.673540889214085e-6,6.827477242914615e-6,7.947058329887782e-6,9.96275738547958e-6,1.0973818622117774e-5,1.2971175825538762e-5,1.5153893059186017e-5,1.637108775272542e-5,1.9242224966135194e-5,2.110195582552491e-5,2.3427378506345e-5,2.6716210772036194e-5,3.1906579841305154e-5,0.00013150448998268673
5.229957581965859e-8,9.679247349608174e-7,2.9453389581378856e-6,5.322290483838006e-6,7.0950121731712004e-6,8.549438616972552e-6,9.96275738547958e-6,1.251205925462741e-5,1.3792782854932873e-5,1.6326207596773647e-5,1.909905885262943e-5,2.064700194864816e-5,2.4302253215448665e-5,2.6672403580997666e-5,2.963839913955166e-5,3.3836940503274225e-5,4.047016303307068e-5,0.00017002086524522817
5.686080993639399e-8,1.059512211015997e-6,3.2330537997212704e-6,5.851357652156197e-6,7.806712629084426e-6,9.412398279174876e-6,1.0973818622117774e-5,1.3792782854932873e-5,1.5210080109809777e-5,1.8015544405354692e-5,2.1088610051948165e-5,2.2805105921249103e-5,2.6860665360272853e-5,2.9491861800388643e-5,3.278590497193633e-5,3.745102824181717e-5,4.482563381499939e-5,0.0001901862001324636
6.575359171700418e-8,1.2391949021187058e-6,3.7990677756076223e-6,6.8939408999561905e-6,9.210588279576367e-6,1.1115939411469383e-5,1.2971175825538762e-5,1.6326207596773647e-5,1.8015544405354692e-5,2.136392072608792e-5,2.5037589658712473e-5,2.709188373978648e-5,3.195117526426994e-5,3.5107459703440375e-5,3.906227357981228e-5,4.4668688080436805e-5,5.354182272033436e-5,0.0002317364243236701
7.532694242951566e-8,1.4340081499948844e-6,4.414659972743606e-6,8.030027578725803e-6,1.074210746666615e-5,1.2976000468823848e-5,1.5153893059186017e-5,1.909905885262943e-5,2.1088610051948165e-5,2.5037589658712473e-5,2.9377810318982595e-5,3.180788088508149e-5,3.756349850087256e-5,4.1306840879409635e-5,4.6001814246005475e-5,5.266490336450592e-5,6.322469132685223e-5,0.00027974080779531545
8.061203677213876e-8,1.5420712733906106e-6,4.756842083628043e-6,8.662344292303835e-6,1.159516313047368e-5,1.4012668623096384e-5,1.637108775272542e-5,2.064700194864816e-5,2.2805105921249103e-5,2.709188373978648e-5,3.180788088508149e-5,3.4450179080480544e-5,4.071298983053391e-5,4.47891757993926e-5,4.9904422503957054e-5,5.7168532376908066e-5,6.868965574170192e-5,0.00030766113079427833
9.2955395814797e-8,1.7956416899742198e-6,5.561420225534293e-6,1.0151005292504234e-5,1.3605025288447329e-5,1.645657358594662e-5,1.9242224966135194e-5,2.4302253215448665e-5,2.6860665360272853e-5,3.195117526426994e-5,3.756349850087256e-5,4.071298983053391e-5,4.819048259619279e-5,5.3065543476537056e-5,5.919120394440356e-5,6.790307366668292e-5,8.174535817761341e-5,0.0003766223709039279
1.0087330672523958e-7,1.9590499256669698e-6,6.080951546926548e-6,1.111345058191081e-5,1.490539501144233e-5,1.803867895386203e-5,2.110195582552491e-5,2.6672403580997666e-5,2.9491861800388643e-5,3.5107459703440375e-5,4.1306840879409635e-5,4.47891757993926e-5,5.3065543476537056e-5,5.846721384021474e-5,6.526011107654494e-5,7.492999173856514e-5,9.031210071461648e-5,0.00042347474778951604
1.1070348625194984e-7,2.16261102518662e-6,6.729092215980924e-6,1.2315236758464098e-5,1.6530020746135305e-5,2.0016132663534976e-5,2.3427378506345e-5,2.963839913955166e-5,3.278590497193633e-5,3.906227357981228e-5,4.6001814246005475e-5,4.9904422503957054e-5,5.919120394440356e-5,6.526011107654494e-5,7.28996064380529e-5,8.378700863466509e-5,0.00010112998997530609,0.00048427480806104427
1.2449475003683055e-7,2.449291247388616e-6,7.643392715194502e-6,1.401226764886245e-5,1.8825539628595115e-5,2.2811519070083227e-5,2.6716210772036194e-5,3.3836940503274225e-5,3.745102824181717e-5,4.4668688080436805e-5,5.266490336450592e-5,5.7168532376908066e-5,6.790307366668292e-5,7.492999173856514e-5,8.378700863466509e-5,9.6428746536196e-5,0.00011660391760694477,0.0005740712801832723
1.460490151104681e-7,2.899422159796248e-6,9.081842692356047e-6,1.6685453641228962e-5,2.24441325513625e-5,2.722063610489438e-5,3.1906579841305154e-5,4.047016303307068e-5,4.482563381499939e-5,5.354182272033436e-5,6.322469132685223e-5,6.868965574170192e-5,8.174535817761341e-5,9.031210071461648e-5,0.00010112998997530609,0.00011660391760694477,0.00014136505361003797,0.0007235836833029913
4.894264710597504e-7,1.0783834560287085e-5,3.523353334740373e-5,6.636411356904759e-5,9.055494077647448e-5,0.00011102891744467269,0.00013150448998268673,0.00017002086524522817,0.0001901862001324636,0.0002317364243236701,0.00027974080779531545,0.00030766113079427833,0.0003766223709039279,0.00042347474778951604,0.00048427480806104427,0.0005740712801832723,0.0007235836833029913,0.0062673950038649
9.010469569426984e-9,6.066045751254961e-8,1.347936364804306e-7,2.102080511596923e-7,2.6212343450227353e-7,3.029505860016945e-7,3.414610101323262e-7,4.086823114053894e-7,4.415771804550423e-7,5.05275266674732e-7,5.732896805789304e-7,6.10622176582808e-7,6.972958078448048e-7,7.52559712265823e-7,8.208560068568213e-7,9.161618374124935e-7,1.064125963831128e-6,3.0857522959535084e-6
6.066045751254961e-8,4.712138959696125e-7,1.1004119961722806e-6,1.758002777939697e-6,2.2165112507384376e-6,2.5794609811975605e-6,2.9233526893275646e-6,3.5265240518522686e-6,3.822805868874086e-6,4.398250055869308e-6,5.014788254487382e-6,5.35397909687716e-6,6.1432564471005125e-6,6.647632337786139e-6,7.2719803066704e-6,8.144876604109961e-6,9.503170106948886e-6,2.916551503333943e-5
1.347936364804306e-7,1.1004119961722806e-6,2.6226611699521247e-6,4.23560085227418e-6,5.367955235534793e-6,6.267525241611142e-6,7.121963966548667e-6,8.624609289798157e-6,9.364269409182269e-6,1.0803245542607902e-5,1.2347914634276207e-5,1.3198808121476217e-5,1.5181290515824045e-5,1.6449740660953035e-5,1.802134757313158e-5,2.0220883938149743e-5,2.3647869610913012e-5,7.47561922538846e-5
2.102080511596923e-7,1.758002777939697e-6,4.23560085227418e-6,6.884173665386057e-6,8.75271957263028e-6,1.0241107683183207e-5,1.165747670180165e-5,1.4153468399227855e-5,1.5384097162055257e-5,1.7781353993490907e-5,2.0358535723036594e-5,2.1779629969112543e-5,2.5093920396761507e-5,2.721658407355516e-5,2.9848468278979767e-5,3.3534941316460334e-5,3.9284404082972946e-5,0.00012697475774437793
2.6212343450227353e-7,2.2165112507384376e-6,5.367955235534793e-6,8.75271957263028e-6,1.11475120662988e-5,1.3058266815170912e-5,1.4878758593649747e-5,1.8091234469574612e-5,1.967683676569494e-5,2.276828469897467e-5,2.6095116643236045e-5,2.7930836006422145e-5,3.221503404855731e-5,3.496072408061979e-5,3.836678661756041e-5,4.314033479221908e-5,5.059031901478717e-5,0.0001659132982968217
3.029505860016945e-7,2.5794609811975605e-6,6.267525241611142e-6,1.0241107683183207e-5,1.3058266815170912e-5,1.5308852491899165e-5,1.7455136781053905e-5,2.1246571124521793e-5,2.3119569665459122e-5,2.677396177650615e-5,3.0709861473054784e-5,3.288288765316883e-5,3.795715015463458e-5,4.1210993143118105e-5,4.524909050249569e-5,5.091107555095377e-5,5.975266865600395e-5,0.00019827297445931631
3.414610101323262e-7,2.9233526893275646e-6,7.121963966548667e-6,1.165747670180165e-5,1.4878758593649747e-5,1.7455136781053905e-5,1.9914274457198866e-5,2.426281833200655e-5,2.6412853576185666e-5,3.061070443769243e-5,3.513562293450054e-5,3.7635248008549754e-5,4.347542562617152e-5,4.7222483046327645e-5,5.187458370119344e-5,5.840053494550197e-5,6.859707731671281e-5,0.00023023531537187615
4.086823114053894e-7,3.5265240518522686e-6,8.624609289798157e-6,1.4153468399227855e-5,1.8091234469574612e-5,2.1246571124521793e-5,2.426281833200655e-5,2.9606087654235498e-5,3.2251946246847784e-5,3.742443959020798e-5,4.3008299699483227e-5,4.609608822477514e-5,5.331796051631894e-5,5.795628877912266e-5,6.371934536405932e-5,7.181078372877202e-5,8.446677389015071e-5,0.0002894299983010769
4.415771804550423e-7,3.822805868874086e-6,9.364269409182269e-6,1.5384097162055257e-5,1.967683676569494e-5,2.3119569665459122e-5,2.6412853576185666e-5,3.2251946246847784e-5,3.514548146293022e-5,4.080576421547965e-5,4.692083150595703e-5,5.030414541243545e-5,5.822140159362919e-5,6.330902733216779e-5,6.963281059214182e-5,7.851548392340787e-5,9.24166319520699e-5,0.00031997216419782414
5.05275266674732e-7,4.398250055869308e-6,1.0803245542607902e-5,1.7781353993490907e-5,2.276828469897467e-5,2.677396177650615e-5,3.061070443769243e-5,3.742443959020798e-5,4.080576421547965e-5,4.7428407311697425e-5,5.459375807192574e-5,5.8562270576482036e-5,6.785868785681201e-5,7.383880695112016e-5,8.127773351879298e-5,9.173606701741603e-5,0.00010812082425456417,0.0003819939174397385
5.732896805789304e-7,5.014788254487382e-6,1.2347914634276207e-5,2.0358535723036594e-5,2.6095116643236045e-5,3.0709861473054784e-5,3.513562293450054e-5,4.3008299699483227e-5,4.692083150595703e-5,5.459375807192574e-5,6.290847290931433e-5,6.751864879611003e-5,7.833037459226108e-5,8.529309105722071e-5,9.396161896157847e-5,0.00010616035748987422,0.00012529419459611109,0.00045224375959547014
6.10622176582808e-7,5.35397909687716e-6,1.3198808121476217e-5,2.1779629969112543e-5,2.7930836006422145e-5,3.288288765316883e-5,3.7635248008549754e-5,4.609608822477514e-5,5.030414541243545e-5,5.8562270576482036e-5,6.751864879611003e-5,7.248756630617737e-5,8.414774890173123e-5,9.166148123841315e-5,0.00010102032779165445,0.000114197432905806,0.00013487911225602508,0.000492476155817775
6.972958078448048e-7,6.1432564471005125e-6,1.5181290515824045e-5,2.5093920396761507e-5,3.221503404855731e-5,3.795715015463458e-5,4.347542562617152e-5,5.331796051631894e-5,5.822140159362919e-5,6.785868785681201e-5,7.833037459226108e-5,8.414774890173123e-5,9.781782183280056e-5,0.00010663897010086177,0.00011763778418659146,0.00013314244436167256,0.00015751280651316572,0.00059012024700515
7.52559712265823e-7,6.647632337786139e-6,1.6449740660953035e-5,2.721658407355516e-5,3.496072408061979e-5,4.1210993143118105e-5,4.7222483046327645e-5,5.795628877912266e-5,6.330902733216779e-5,7.383880695112016e-5,8.529309105722071e-5,9.166148123841315e-5,0.00010663897010086177,0.00011631200230066914,0.00012838074685975087,0.00014540614804582568,0.00017219086709085223,0.0006552388379268047
8.208560068568213e-7,7.2719803066704e-6,1.802134757313158e-5,2.9848468278979767e-5,3.836678661756041e-5,4.524909050249569e-5,5.187458370119344e-5,6.371934536405932e-5,6.963281059214182e-5,8.127773351879298e-5,9.396161896157847e-5,0.00010102032779165445,0.00011763778418659146,0.00012838074685975087,0.00014179459850485718,0.00016073402661458296,0.00019056170529687777,0.0007385042250949207
9.161618374124935e-7,8.144876604109961e-6,2.0220883938149743e-5,3.3534941316460334e-5,4.314033479221908e-5,5.091107555095377e-5,5.840053494550197e-5,7.181078372877202e-5,7.851548392340787e-5,9.173606701741603e-5,0.00010616035748987422,0.000114197432905806,0.00013314244436167256,0.00014540614804582568,0.00016073402661458296,0.00018240060517464454,0.0002165709707431626,0.0008593378234461666
1.064125963831128e-6,9.503170106948886e-6,2.3647869610913012e-5,3.9284404082972946e-5,5.059031901478717e-5,5.975266865600395e-5,6.859707731671281e-5,8.446677389015071e-5,9.24166319520699e-5,0.00010812082425456417,0.00012529419459611109,0.00013487911225602508,0.00015751280651316572,0.00017219086709085223,0.00019056170529687777,0.0002165709707431626,0.00025767043295925817,0.0010561616522488948
3.0857522959535084e-6,2.916551503333943e-5,7.47561922538846e-5,0.00012697475774437793,0.0001659132982968217,0.00019827297445931631,0.00023023531537187615,0.0002894299983010769,0.00031997216419782414,0.0003819939174397385,0.00045224375959547014,0.000492476155817775,0.00059012024700515,0.0006552388379268047,0.0007385042250949207,0.0008593378234461666,0.0010561616522488948,0.0068579366764928845
3.731708675353232e-8,1.9146790246711693e-7,3.921342171217885e-7,5.883837880183018e-7,7.208549365262406e-7,8.239249336691268e-7,9.204030353385041e-7,1.0873586013578052e-6,1.1684781506372045e-6,1.3246311112115315e-6,1.4901936000804127e-6,1.5806213292230828e-6,1.789507187673273e-6,1.9220165431196743e-6,2.085141937171543e-6,2.3117635378493324e-6,2.6616478647427946e-6,6.762766686944109e-6
1.9146790246711693e-7,1.046593193887564e-6,2.209113809218954e-6,3.3695230409780412e-6,4.1607847001588255e-6,4.779687755109512e-6,5.361117833016205e-6,6.371241676873013e-6,6.863561080524622e-6,7.813597049330639e-6,8.823720688922211e-6,9.37648555717523e-6,1.065576634150662e-5,1.14688074557158e-5,1.2471084298301944e-5,1.3865692203661405e-5,1.6023029916356663e-5,4.2829679008291365e-5
3.921342171217885e-7,2.209113809218954e-6,4.749618949089564e-6,7.324986575677472e-6,9.095156955781409e-6,1.0485589812823143e-5,1.1795657050244565e-5,1.4078865050314246e-5,1.5194456622751279e-5,1.7351511087100996e-5,1.965021057039958e-5,2.0910046209729543e-5,2.383014629918663e-5,2.5688782245569618e-5,2.798255691983989e-5,3.117823588134296e-5,3.612933931752075e-5,0.00010036625837040677
5.883837880183018e-7,3.3695230409780412e-6,7.324986575677472e-6,1.1378210344724516e-5,1.4181276279983746e-5,1.6390431846325247e-5,1.8476819826131526e-5,2.2122425656479525e-5,2.3907362499512033e-5,2.736429746521357e-5,3.105516764382239e-5,3.308057345896592e-5,3.778104797453168e-5,4.077659940776712e-5,4.447685421270572e-5,4.963741888405881e-5,5.7642978889603004e-5,0.00016505253633990714
7.208549365262406e-7,4.1607847001588255e-6,9.095156955781409e-6,1.4181276279983746e-5,1.771163738716169e-5,2.0499953002690615e-5,2.3137381489633254e-5,2.775375839335339e-5,3.001711975909841e-5,3.440549972763794e-5,3.9096835281063276e-5,4.1673486149175765e-5,4.765839830097927e-5,5.147573593151342e-5,5.6194057680137716e-5,6.277916077924978e-5,7.300352147197241e-5,0.0002132126566334246
8.239249336691268e-7,4.779687755109512e-6,1.0485589812823143e-5,1.6390431846325247e-5,2.0499953002690615e-5,2.375093069510553e-5,2.6829643435822252e-5,3.2225665493963916e-5,3.4874166137068795e-5,4.001382221411664e-5,4.551391014905046e-5,4.853685211820911e-5,5.556322243133965e-5,6.0047878328885354e-5,6.559381248616525e-5,7.333839962988875e-5,8.537146296862774e-5,0.00025321403151810337
9.204030353385041e-7,5.361117833016205e-6,1.1795657050244565e-5,1.8476819826131526e-5,2.3137381489633254e-5,2.6829643435822252e-5,3.03300919175051e-5,3.647301299987532e-5,3.949121863993442e-5,4.535324493304532e-5,5.163247822187021e-5,5.508594270812947e-5,6.311829776791718e-5,6.824837903261277e-5,7.459554107093934e-5,8.346386610311301e-5,9.72521883472525e-5,0.00029266242577241777
1.0873586013578052e-6,6.371241676873013e-6,1.4078865050314246e-5,2.2122425656479525e-5,2.775375839335339e-5,3.2225665493963916e-5,3.647301299987532e-5,4.3942660376339306e-5,4.7619260141809935e-5,5.477050332800419e-5,6.244380522266528e-5,6.666891035133763e-5,7.650745263297047e-5,8.279833805719339e-5,9.058833509411165e-5,0.00010148315545647461,0.00011844232993763642,0.0003654214001452024
1.1684781506372045e-6,6.863561080524622e-6,1.5194456622751279e-5,2.3907362499512033e-5,3.001711975909841e-5,3.4874166137068795e-5,3.949121863993442e-5,4.7619260141809935e-5,5.162332285884074e-5,5.941700981004231e-5,6.778658715096853e-5,7.239769694750285e-5,8.314118303091156e-5,9.001456057956577e-5,9.852940141919257e-5,0.00011044359969254031,0.00012900030144313032,0.0004027618664623952
1.3246311112115315e-6,7.813597049330639e-6,1.7351511087100996e-5,2.736429746521357e-5,3.440549972763794e-5,4.001382221411664e-5,4.535324493304532e-5,5.477050332800419e-5,5.941700981004231e-5,6.84732177885503e-5,7.821387732923373e-5,8.35861647930504e-5,9.611667544523334e-5,0.00010414193377291846,0.00011409164332393478,0.00012802612581843927,0.00014975344911424563,0.00047810456096550406
1.4901936000804127e-6,8.823720688922211e-6,1.965021057039958e-5,3.105516764382239e-5,3.9096835281063276e-5,4.551391014905046e-5,5.163247822187021e-5,6.244380522266528e-5,6.778658715096853e-5,7.821387732923373e-5,8.944719666062167e-5,9.564959676301698e-5,0.00011013240396467078,0.0001194182721215426,0.0001309403241019866,0.00014709189735285057,0.00017230490215226258,0.0005626307556765778
1.5806213292230828e-6,9.37648555717523e-6,2.0910046209729543e-5,3.308057345896592e-5,4.1673486149175765e-5,4.853685211820911e-5,5.508594270812947e-5,6.666891035133763e-5,7.239769694750285e-5,8.35861647930504e-5,9.564959676301698e-5,0.00010231421685682866,0.00011788546595998623,0.00012787503089584792,0.00014027561450951967,0.00015766727754905178,0.00018483244195159637,0.0006106589494789216
1.789507187673273e-6,1.065576634150662e-5,2.383014629918663e-5,3.778104797453168e-5,4.765839830097927e-5,5.556322243133965e-5,6.311829776791718e-5,7.650745263297047e-5,8.314118303091156e-5,9.611667544523334e-5,0.00011013240396467078,0.00011788546595998623,0.00013602313616690054,0.00014767410542392725,0.00016215089551247481,0.00018247646997539372,0.00021426644391212934,0.0007261612486906692
1.9220165431196743e-6,1.14688074557158e-5,2.5688782245569618e-5,4.077659940776712e-5,5.147573593151342e-5,6.0047878328885354e-5,6.824837903261277e-5,8.279833805719339e-5,9.001456057956577e-5,0.00010414193377291846,0.0001194182721215426,0.00012787503089584792,0.00014767410542392725,0.00016040202009140556,0.00017622596324842112,0.00019845735177108646,0.00023325562173935347,0.0008024330634052195
2.085141937171543e-6,1.2471084298301944e-5,2.798255691983989e-5,4.447685421270572e-5,5.6194057680137716e-5,6.559381248616525e-5,7.459554107093934e-5,9.058833509411165e-5,9.852940141919257e-5,0.00011409164332393478,0.0001309403241019866,0.00014027561450951967,0.00016215089551247481,0.00017622596324842112,0.0001937363153747599,0.00021835548778282267,0.00025692674275175847,0.0008991864259122422
2.3117635378493324e-6,1.3865692203661405e-5,3.117823588134296e-5,4.963741888405881e-5,6.277916077924978e-5,7.333839962988875e-5,8.346386610311301e-5,0.00010148315545647461,0.00011044359969254031,0.00012802612581843927,0.00014709189735285057,0.00015766727754905178,0.00018247646997539372,0.00019845735177108646,0.00021835548778282267,0.0002463588098110089,0.00029028380321439876,0.0010382757376701944
2.6616478647427946e-6,1.6023029916356663e-5,3.612933931752075e-5,5.7642978889603004e-5,7.300352147197241e-5,8.537146296862774e-5,9.72521883472525e-5,0.00011844232993763642,0.00012900030144313032,0.00014975344911424563,0.00017230490215226258,0.00018483244195159637,0.00021426644391212934,0.00023325562173935347,0.00025692674275175847,0.00029028380321439876,0.0003426908613675377,0.0012621901841677733
6.762766686944109e-6,4.2829679008291365e-5,0.00010036625837040677,0.00016505253633990714,0.0002132126566334246,0.00025321403151810337,0.00029266242577241777,0.0003654214001452024,0.0004027618664623952,0.00047810456096550406,0.0005626307556765778,0.0006106589494789216,0.0007261612486906692,0.0008024330634052195,0.0008991864259122422,0.0010382757376701944,0.0012621901841677733,0.006991719082020655
4.7551349627118665e-8,2.437339170853194e-7,4.987348005184394e-7,7.477296821789038e-7,9.15555928593844e-7,1.0459845917367227e-6,1.167950804767974e-6,1.3787368614628457e-6,1.4810278774328545e-6,1.6777143005380561e-6,1.8859519881602867e-6,1.999566709023248e-6,2.2617151929844174e-6,2.427815359089498e-6,2.632105883782307e-6,2.9156138104512488e-6,3.352742755848868e-6,8.287551858996655e-6
2.437339170853194e-7,1.3224961910831019e-6,2.778828652879222e-6,4.2263549611312735e-6,5.2105874016610364e-6,5.978976778753901e-6,6.699751699298266e-6,7.949595622992142e-6,8.557725841130889e-6,9.72948204777868e-6,1.0973004641817848e-5,1.1652559223976913e-5,1.3223010067922679e-5,1.4219623081627228e-5,1.5446804341576177e-5,1.7152106219745095e-5,1.9785739632409865e-5,5.1094143213599544e-5
4.987348005184394e-7,2.778828652879222e-6,5.934634407861016e-6,9.116149865386213e-6,1.1295436385016784e-5,1.3003457240113499e-5,1.4609965906920503e-5,1.74038284942038e-5,1.876635390309344e-5,2.139647046696998e-5,2.4193467913099994e-5,2.572409506022335e-5,2.9266257083576297e-5,3.151718633398606e-5,3.429166789011052e-5,3.8151545508826846e-5,4.412109942231642e-5,0.00011809394487831468
7.477296821789038e-7,4.2263549611312735e-6,9.116149865386213e-6,1.4097708081512595e-5,1.75307549938099e-5,2.0230402687657926e-5,2.2775558875457463e-5,2.7213152616295397e-5,2.9381700352220067e-5,3.3574458761863785e-5,3.804147205523566e-5,4.0489035941758384e-5,4.6160116003084944e-5,4.9768265696806504e-5,5.42196313371209e-5,6.041871725995975e-5,7.00180267572981e-5,0.0001931498952877787
9.15555928593844e-7,5.2105874016610364e-6,1.1295436385016784e-5,1.75307549938099e-5,2.184390395898346e-5,2.5242996711420263e-5,2.8452563689334726e-5,3.405824910903801e-5,3.680140139425024e-5,4.211097883074603e-5,4.777502545548927e-5,5.088111905294827e-5,5.8084111337109035e-5,6.267073633339838e-5,6.833273009362181e-5,7.622329721875226e-5,8.845238908497188e-5,0.0002489107511184252
1.0459845917367227e-6,5.978976778753901e-6,1.3003457240113499e-5,2.0230402687657926e-5,2.5242996711420263e-5,2.9199764209677598e-5,3.294039043115769e-5,3.948239661346935e-5,4.2687214603819144e-5,4.889579644714285e-5,5.5525509576701644e-5,5.9163629170644216e-5,6.760604633523676e-5,7.298545355055774e-5,7.962935375300992e-5,8.889346416086124e-5,0.00010326113742793179,0.0002950965761037914
1.167950804767974e-6,6.699751699298266e-6,1.4609965906920503e-5,2.2775558875457463e-5,2.8452563689334726e-5,3.294039043115769e-5,3.7187732556621776e-5,4.462523307526195e-5,4.827244071490385e-5,5.5343859516906984e-5,6.290208519342095e-5,6.705239523522201e-5,7.668949092610409e-5,8.283397920079793e-5,9.042631695597284e-5,0.00010101848412978596,0.00011745645558125247,0.0003404951109716772
1.3787368614628457e-6,7.949595622992142e-6,1.74038284942038e-5,2.7213152616295397e-5,3.405824910903801e-5,3.948239661346935e-5,4.462523307526195e-5,5.3649821427419974e-5,5.808296710904761e-5,6.669034864727305e-5,7.59052914779621e-5,8.097093183953599e-5,9.274637011020374e-5,0.00010026237605658005,0.00010955685182123817,0.00012253550820442213,0.00014269958424391658,0.0004237839036442989
1.4810278774328545e-6,8.557725841130889e-6,1.876635390309344e-5,2.9381700352220067e-5,3.680140139425024e-5,4.2687214603819144e-5,4.827244071490385e-5,5.808296710904761e-5,6.290613835821177e-5,7.227703750657812e-5,8.231722711097983e-5,8.78394487820922e-5,0.0001006830011541184,0.00010888501867839366,0.00011903173066871891,0.0001332066311257293,0.00015524102931350694,0.00046629336045172625
1.6777143005380561e-6,9.72948204777868e-6,2.139647046696998e-5,3.3574458761863785e-5,4.211097883074603e-5,4.889579644714285e-5,5.5343859516906984e-5,6.669034864727305e-5,7.227703750657812e-5,8.314495322133234e-5,9.480602302121224e-5,0.00010122612208830553,0.00011617271967985286,0.00012572707712758504,0.00013755529995696666,0.0001540928176656327,0.0001798256449367387,0.0005515838993851762
1.8859519881602867e-6,1.0973004641817848e-5,2.4193467913099994e-5,3.804147205523566e-5,4.777502545548927e-5,5.5525509576701644e-5,6.290208519342095e-5,7.59052914779621e-5,8.231722711097983e-5,9.480602302121224e-5,0.00010822585290441894,0.00011562164902035932,0.0001328569572606988,0.0001438851998192581,0.00015754804749216447,0.0001766664845376627,0.00020644550738839286,0.0006465456348467685
1.999566709023248e-6,1.1652559223976913e-5,2.572409506022335e-5,4.0489035941758384e-5,5.088111905294827e-5,5.9163629170644216e-5,6.705239523522201e-5,8.097093183953599e-5,8.78394487820922e-5,0.00010122612208830553,0.00011562164902035932,0.0001235592880055524,0.00014206693933303946,0.0001539153956569525,0.0001685999915164786,0.0001891570561663455,0.00022119385713626283,0.0007001909275461728
