x1,x2,x3,x4,x5,x6,x7,x8,x9,x10,x11,x12,x13,x14,x15,x16,x17,x18,x19,x20,x21,x22
1.1253662953865268e-18,5.740034220025469e-16,2.213389110374656e-15,4.2908553350822535e-15,5.865174761643661e-15,7.165188672618319e-15,8.433488991963017e-15,9.602183715799508e-15,1.0731904580287128e-14,1.1891529174745388e-14,1.3038485029733144e-14,1.4194325191870832e-14,1.5411603839407536e-14,1.6729086120500484e-14,1.815044222203499e-14,1.9710804149573243e-14,2.1524026100088892e-14,2.3723940714867064e-14,2.6489409339545848e-14,3.042584820842829e-14,3.668971859528139e-14,1.7410944650174811e-13
5.740034220025469e-16,2.3774138726054153e-10,1.8764503597756356e-9,4.566464085817701e-9,6.815132871653635e-9,8.759341151211018e-9,1.0714184569061364e-8,1.2556480980168336e-8,1.436952480585637e-8,1.625816514097118e-8,1.815082946291381e-8,2.008026398306013e-8,2.2132585322059936e-8,2.4376338183055696e-8,2.681918869585886e-8,2.952491624677094e-8,3.269733393054661e-8,3.6581281838600055e-8,4.151101443451729e-8,4.8603520826971695e-8,6.003380800570999e-8,3.5718598517798675e-7
2.213389110374656e-15,1.8764503597756356e-9,1.761253225716515e-8,4.5345665477681825e-8,6.914697553608032e-8,8.997589910637148e-8,1.110825759667063e-7,1.3108986360419395e-7,1.5086807220111222e-7,1.7154885536579724e-7,1.923414614003002e-7,2.1359811168310162e-7,2.3626645917069842e-7,2.6110872365642164e-7,2.882170156760813e-7,3.183077942173253e-7,3.536644410816262e-7,3.970463428132799e-7,4.5223596998972107e-7,5.31840402476333e-7,6.60514781605997e-7,4.125335221297582e-6
4.2908553350822535e-15,4.566464085817701e-9,4.5345665477681825e-8,1.1912515712014198e-7,1.8312166106032455e-7,2.3940843345011614e-7,2.96633079513578e-7,3.510105007879382e-7,4.048680223883305e-7,4.612740377605947e-7,5.180642308056453e-7,5.761922800666765e-7,6.382486916748763e-7,7.063264345776468e-7,7.806867238691196e-7,8.633053988006162e-7,9.604718497715678e-7,1.0798059325484586e-6,1.231770583875309e-6,1.4512009166337777e-6,1.806348091498527e-6,1.1510015124593203e-5
5.865174761643661e-15,6.815132871653635e-9,6.914697553608032e-8,1.8312166106032455e-7,2.8245912291051917e-7,3.700451454767113e-7,4.592395067412908e-7,5.441046164568145e-7,6.282433318626495e-7,7.164394296244204e-7,8.053032267803239e-7,8.963205368422717e-7,9.935472620125226e-7,1.1002684005277682e-6,1.2169014184271604e-6,1.3465548909941956e-6,1.499116606326361e-6,1.6865829614440286e-6,1.9254423180602035e-6,2.270556640999692e-6,2.8295265862184988e-6,1.822614795475175e-5
7.165188672618319e-15,8.759341151211018e-9,8.997589910637148e-8,2.3940843345011614e-7,3.700451454767113e-7,4.854245721730455e-7,6.030664289336576e-7,7.151065468964927e-7,8.262742498357675e-7,9.428813985893983e-7,1.0604415263331693e-6,1.1809141402459661e-6,1.3096679140974744e-6,1.4510597639349099e-6,1.605651784223979e-6,1.7775749397117003e-6,1.9799604610135116e-6,2.2287584040417486e-6,2.545908788279625e-6,3.0043752511628786e-6,3.7473850394205886e-6,2.4350022626704613e-5
8.433488991963017e-15,1.0714184569061364e-8,1.110825759667063e-7,2.96633079513578e-7,4.592395067412908e-7,6.030664289336576e-7,7.498771198242914e-7,8.898247589532928e-7,1.0287870728207837e-6,1.1746451828344246e-6,1.3217823447690914e-6,1.4726442705451586e-6,1.6339547510585488e-6,1.811181410151853e-6,2.005040734899112e-6,2.2207270864366675e-6,2.474740162646145e-6,2.78714552107e-6,3.1855670823116953e-6,3.761821738289452e-6,4.696307243259915e-6,3.0786140780576066e-5
9.602183715799508e-15,1.2556480980168336e-8,1.3108986360419395e-7,3.510105007879382e-7,5.441046164568145e-7,7.151065468964927e-7,8.898247589532928e-7,1.0565114991855852e-6,1.2221386312766286e-6,1.3960916008347462e-6,1.571667564034068e-6,1.7517781612612478e-6,1.9444523997152414e-6,2.1562318174386092e-6,2.3879867726592124e-6,2.6459437379155834e-6,2.949866476459058e-6,3.3238178535411513e-6,3.8009515165860752e-6,4.491406679440516e-6,5.611769648470247e-6,3.709924843718942e-5
1.0731904580287128e-14,1.436952480585637e-8,1.5086807220111222e-7,4.048680223883305e-7,6.282433318626495e-7,8.262742498357675e-7,1.0287870728207837e-6,1.2221386312766286e-6,1.4143875096688154e-6,1.6164208193312237e-6,1.8204502545639185e-6,2.0298524968302798e-6,2.253964900572329e-6,2.500409520989782e-6,2.7702162108311086e-6,3.0706537962049267e-6,3.424776926032239e-6,3.860687967282556e-6,4.417137753016807e-6,5.2227917081822275e-6,6.530892709380509e-6,4.354145044635346e-5
1.1891529174745388e-14,1.625816514097118e-8,1.7154885536579724e-7,4.612740377605947e-7,7.164394296244204e-7,9.428813985893983e-7,1.1746451828344246e-6,1.3960916008347462e-6,1.6164208193312237e-6,1.8481045557180587e-6,2.082209157400899e-6,2.32260217122253e-6,2.5800068639445344e-6,2.8631942028084276e-6,3.173368954856825e-6,3.518912558702458e-6,3.926385860842227e-6,4.428205363841231e-6,5.0691097736708595e-6,5.997561936628621e-6,7.5060497270393035e-6,5.049182220059412e-5
1.3038485029733144e-14,1.815082946291381e-8,1.923414614003002e-7,5.180642308056453e-7,8.053032267803239e-7,1.0604415263331693e-6,1.3217823447690914e-6,1.571667564034068e-6,1.8204502545639185e-6,2.082209157400899e-6,2.3468504723519856e-6,2.6187401773948033e-6,2.9100123355642735e-6,3.2306119847078607e-6,3.5819285488102245e-6,3.973484991808258e-6,4.435431973216708e-6,5.004614218144746e-6,5.731927690086234e-6,6.786168753968551e-6,8.500213273375871e-6,5.7703222112444525e-5
1.4194325191870832e-14,2.008026398306013e-8,2.1359811168310162e-7,5.761922800666765e-7,8.963205368422717e-7,1.1809141402459661e-6,1.4726442705451586e-6,1.7517781612612478e-6,2.0298524968302798e-6,2.32260217122253e-6,2.6187401773948033e-6,2.923147472342294e-6,3.2494176632502457e-6,3.608715205575364e-6,4.002627979782888e-6,4.441869427036875e-6,4.96032513930253e-6,5.599459284462319e-6,6.4166031968278644e-6,7.6017786005788954e-6,9.530110137680975e-6,6.53122871006931e-5
1.5411603839407536e-14,2.2132585322059936e-8,2.3626645917069842e-7,6.382486916748763e-7,9.935472620125226e-7,1.3096679140974744e-6,1.6339547510585488e-6,1.9444523997152414e-6,2.253964900572329e-6,2.5800068639445344e-6,2.9100123355642735e-6,3.2494176632502457e-6,3.613391511918112e-6,4.014419658345298e-6,4.454313124686553e-6,4.945080915360337e-6,5.52466197565608e-6,6.239548088451886e-6,7.1540890210599756e-6,8.481423429792831e-6,1.0642796625416004e-5,7.369717439263924e-5
1.6729086120500484e-14,2.4376338183055696e-8,2.6110872365642164e-7,7.063264345776468e-7,1.1002684005277682e-6,1.4510597639349099e-6,1.811181410151853e-6,2.1562318174386092e-6,2.500409520989782e-6,2.8631942028084276e-6,3.2306119847078607e-6,3.608715205575364e-6,4.014419658345298e-6,4.461683444690894e-6,4.9525766342874546e-6,5.500558739716313e-6,6.148091771173664e-6,6.947295366005303e-6,7.97039380246255e-6,9.456422631224694e-6,1.1878428963591645e-5,8.321449213255649e-5
1.815044222203499e-14,2.681918869585886e-8,2.882170156760813e-7,7.806867238691196e-7,1.2169014184271604e-6,1.605651784223979e-6,2.005040734899112e-6,2.3879867726592124e-6,2.7702162108311086e-6,3.173368954856825e-6,3.5819285488102245e-6,4.002627979782888e-6,4.454313124686553e-6,4.9525766342874546e-6,5.499789396118335e-6,6.111030089843911e-6,6.833789760910811e-6,7.726467036439201e-6,8.870094329700972e-6,1.0532624886978711e-5,1.3245119984403133e-5,9.399905956747041e-5
1.9710804149573243e-14,2.952491624677094e-8,3.183077942173253e-7,8.633053988006162e-7,1.3465548909941956e-6,1.7775749397117003e-6,2.2207270864366675e-6,2.6459437379155834e-6,3.0706537962049267e-6,3.518912558702458e-6,3.973484991808258e-6,4.441869427036875e-6,4.945080915360337e-6,5.500558739716313e-6,6.111030089843911e-6,6.793414737850632e-6,7.600895522995822e-6,8.599004301693335e-6,9.878808371755813e-6,1.174114328126885e-5,1.4783254410281842e-5,0.00010646362727154752
2.1524026100088892e-14,3.269733393054661e-8,3.536644410816262e-7,9.604718497715678e-7,1.499116606326361e-6,1.9799604610135116e-6,2.474740162646145e-6,2.949866476459058e-6,3.424776926032239e-6,3.926385860842227e-6,4.435431973216708e-6,4.96032513930253e-6,5.52466197565608e-6,6.148091771173664e-6,6.833789760910811e-6,7.600895522995822e-6,8.509419316250394e-6,9.633485452763648e-6,1.1076287760647805e-5,1.3178311690339408e-5,1.6616907670694595e-5,0.00012177463314988186
2.3723940714867064e-14,3.6581281838600055e-8,3.970463428132799e-7,1.0798059325484586e-6,1.6865829614440286e-6,2.2287584040417486e-6,2.78714552107e-6,3.3238178535411513e-6,3.860687967282556e-6,4.428205363841231e-6,5.004614218144746e-6,5.599459284462319e-6,6.239548088451886e-6,6.947295366005303e-6,7.726467036439201e-6,8.599004301693335e-6,9.633485452763648e-6,1.0914871085004007e-5,1.256170648448544e-5,1.4964544116495806e-5,1.890233321585451e-5,0.00014153304730895285
2.6489409339545848e-14,4.151101443451729e-8,4.5223596998972107e-7,1.231770583875309e-6,1.9254423180602035e-6,2.545908788279625e-6,3.1855670823116953e-6,3.8009515165860752e-6,4.417137753016807e-6,5.0691097736708595e-6,5.731927690086234e-6,6.4166031968278644e-6,7.1540890210599756e-6,7.97039380246255e-6,8.870094329700972e-6,9.878808371755813e-6,1.1076287760647805e-5,1.256170648448544e-5,1.4473839876284922e-5,1.7269026141616937e-5,2.186041863871582e-5,0.0001681740771909469
3.042584820842829e-14,4.8603520826971695e-8,5.31840402476333e-7,1.4512009166337777e-6,2.270556640999692e-6,3.0043752511628786e-6,3.761821738289452e-6,4.491406679440516e-6,5.2227917081822275e-6,5.997561936628621e-6,6.786168753968551e-6,7.6017786005788954e-6,8.481423429792831e-6,9.456422631224694e-6,1.0532624886978711e-5,1.174114328126885e-5,1.3178311690339408e-5,1.4964544116495806e-5,1.7269026141616937e-5,2.0646665995176056e-5,2.621305192962254e-5,0.00020940073531885658
3.668971859528139e-14,6.003380800570999e-8,6.60514781605997e-7,1.806348091498527e-6,2.8295265862184988e-6,3.7473850394205886e-6,4.696307243259915e-6,5.611769648470247e-6,6.530892709380509e-6,7.5060497270393035e-6,8.500213273375871e-6,9.530110137680975e-6,1.0642796625416004e-5,1.1878428963591645e-5,1.3245119984403133e-5,1.4783254410281842e-5,1.6616907670694595e-5,1.890233321585451e-5,2.186041863871582e-5,2.621305192962254e-5,3.34218449387512e-5,0.0002822793252830253
1.7410944650174811e-13,3.5718598517798675e-7,4.125335221297582e-6,1.1510015124593203e-5,1.822614795475175e-5,2.4350022626704613e-5,3.0786140780576066e-5,3.709924843718942e-5,4.354145044635346e-5,5.049182220059412e-5,5.7703222112444525e-5,6.53122871006931e-5,7.369717439263924e-5,8.321449213255649e-5,9.399905956747041e-5,0.00010646362727154752,0.00012177463314988186,0.00014153304730895285,0.0001681740771909469,0.00020940073531885658,0.0002822793252830253,0.004680059179309207
1.7524111821505197e-11,3.4262670101932254e-10,9.611986977430724e-10,1.6557187159000322e-9,2.1559581099654583e-9,2.558809004290595e-9,2.9452773315465563e-9,3.296715257953577e-9,3.6329757579953565e-9,3.97492152458662e-9,4.310403337276689e-9,4.646057597007062e-9,4.997002052325864e-9,5.374429935611833e-9,5.778873840386055e-9,6.219973764903232e-9,6.729183668618953e-9,7.342558207434829e-9,8.107695110156909e-9,9.187115005937603e-9,1.0885908090694249e-8,4.1932140388983866e-8
3.4262670101932254e-10,1.2031611580130253e-8,3.98355664849627e-8,7.376462513557223e-8,9.911782178562086e-8,1.1991417201199082e-7,1.401150456310464e-7,1.5866249474501525e-7,1.765450171086397e-7,1.9484932785708757e-7,2.1291124346193328e-7,2.310740830260744e-7,2.50152280423426e-7,2.7076044066269135e-7,2.929369944047181e-7,3.172220625909465e-7,3.453710017130221e-7,3.79421384145065e-7,4.220873462556703e-7,4.825830293599624e-7,5.783721947068146e-7,2.5224854565001176e-6
9.611986977430724e-10,3.98355664849627e-8,1.4293974248543614e-7,2.7588533793706767e-7,3.7778994246855184e-7,4.6246011289473865e-7,5.454264370657713e-7,6.221164793620416e-7,6.964528496301998e-7,7.728908846758681e-7,8.486194774296192e-7,9.25039387668355e-7,1.0055683977816964e-6,1.0928200089571778e-6,1.186985546634194e-6,1.2903934191811737e-6,1.410588468240562e-6,1.5564025755887749e-6,1.7396702229596102e-6,2.0004151330131016e-6,2.4149772829215707e-6,1.137824671463458e-5
1.6557187159000322e-9,7.376462513557223e-8,2.7588533793706767e-7,5.452146683002655e-7,7.550059763971105e-7,9.307577932372573e-7,1.1039412917504105e-6,1.2647184435334e-6,1.4210972746481533e-6,1.5823702692206658e-6,1.7425582064176176e-6,1.904573572353691e-6,2.075651647050382e-6,2.261372155189036e-6,2.462182467880265e-6,2.6830966791243585e-6,2.9403300870618076e-6,3.2529643444173614e-6,3.6466629512847315e-6,4.208013111728039e-6,5.102820014778206e-6,2.518596664993006e-5
2.1559581099654583e-9,9.911782178562086e-8,3.7778994246855184e-7,7.550059763971105e-7,1.0512141987871173e-6,1.3004207557147676e-6,1.5467085868746508e-6,1.775876552143889e-6,1.999181674330832e-6,2.2298357583115003e-6,2.4592526552603646e-6,2.691566481159681e-6,2.937144957119521e-6,3.204019776945919e-6,3.4928655876726833e-6,3.8109330330577385e-6,4.181644109915637e-6,4.63263832692023e-6,5.201161566675336e-6,6.012721555916589e-6,7.308153938600738e-6,3.694715390972837e-5
2.558809004290595e-9,1.1991417201199082e-7,4.6246011289473865e-7,9.307577932372573e-7,1.3004207557147676e-6,1.6123194532763442e-6,1.921188797332017e-6,2.2090458597131005e-6,2.48989734710192e-6,2.780311759954995e-6,3.069449531547291e-6,3.36248926471762e-6,3.6725036501066176e-6,4.009652662428621e-6,4.374818160524788e-6,4.777202100285709e-6,5.2465047641466345e-6,5.817844557506993e-6,6.538611808131304e-6,7.5683543065843e-6,9.213684613263647e-6,4.7370211507893606e-5
2.9452773315465563e-9,1.401150456310464e-7,5.454264370657713e-7,1.1039412917504105e-6,1.5467085868746508e-6,1.921188797332017e-6,2.292676397845632e-6,2.6393727570075744e-6,2.9780127608234874e-6,3.3285262310720553e-6,3.677801777601317e-6,4.0320625406775315e-6,4.4071080539148015e-6,4.8152533356590985e-6,5.257599172937967e-6,5.745332198404907e-6,6.314529348000635e-6,7.007926025177447e-6,7.883264238107054e-6,9.134783934899583e-6,1.1136273571811658e-5,5.81159231773285e-5
3.296715257953577e-9,1.5866249474501525e-7,6.221164793620416e-7,1.2647184435334e-6,1.775876552143889e-6,2.2090458597131005e-6,2.6393727570075744e-6,3.0414521644013485e-6,3.4345660912191927e-6,3.841806589638734e-6,4.247914120117288e-6,4.660093405464209e-6,5.09672415523697e-6,5.572169064630489e-6,6.087745505022486e-6,6.656533866525245e-6,7.320686815215449e-6,8.130216344351703e-6,9.152771778995036e-6,1.061575621599856e-5,1.295730117287843e-5,6.850155732613321e-5
3.6329757579953565e-9,1.765450171086397e-7,6.964528496301998e-7,1.4210972746481533e-6,1.999181674330832e-6,2.48989734710192e-6,2.9780127608234874e-6,3.4345660912191927e-6,3.881329711247502e-6,4.344506494932018e-6,4.8067166517406435e-6,5.276129694556867e-6,5.773676151597879e-6,6.315751161773063e-6,6.903895669312641e-6,7.553077397837556e-6,8.311494751459111e-6,9.23641893244394e-6,1.040540077785875e-5,1.2078948070040863e-5,1.475954770260591e-5,7.898098351398543e-5
3.97492152458662e-9,1.9484932785708757e-7,7.728908846758681e-7,1.5823702692206658e-6,2.2298357583115003e-6,2.780311759954995e-6,3.3285262310720553e-6,3.841806589638734e-6,4.344506494932018e-6,4.866071119437048e-6,5.386907125589861e-6,5.916189243273279e-6,6.477518306229613e-6,7.089425838111944e-6,7.753697591338527e-6,8.487293361629367e-6,9.34478169353994e-6,1.0391102858233845e-5,1.1714288056099852e-5,1.360984169906022e-5,1.6648424313657392e-5,9.01849206426059e-5
4.310403337276689e-9,2.1291124346193328e-7,8.486194774296192e-7,1.7425582064176176e-6,2.4592526552603646e-6,3.069449531547291e-6,3.677801777601317e-6,4.247914120117288e-6,4.8067166517406435e-6,5.386907125589861e-6,5.966671285506716e-6,6.556192642661658e-6,7.1817621192912446e-6,7.86407232665458e-6,8.605167475463862e-6,9.424031123134933e-6,1.0381690320684634e-5,1.1550882463790402e-5,1.3030315438660154e-5,1.5151098989616445e-5,1.8553404786305783e-5,0.00010172011465230913
4.646057597007062e-9,2.310740830260744e-7,9.25039387668355e-7,1.904573572353691e-6,2.691566481159681e-6,3.36248926471762e-6,4.0320625406775315e-6,4.660093405464209e-6,5.276129694556867e-6,5.916189243273279e-6,6.556192642661658e-6,7.2073547386381145e-6,7.89872349446625e-6,8.653215655208423e-6,9.473153307750128e-6,1.0379611765129936e-5,1.144027869370772e-5,1.2735955592013046e-5,1.4376415432144866e-5,1.6729618240510143e-5,2.050784048487319e-5,0.00011380593508965043
4.997002052325864e-9,2.50152280423426e-7,1.0055683977816964e-6,2.075651647050382e-6,2.937144957119521e-6,3.6725036501066176e-6,4.4071080539148015e-6,5.09672415523697e-6,5.773676151597879e-6,6.477518306229613e-6,7.1817621192912446e-6,7.89872349446625e-6,8.660399593079535e-6,9.49209617080264e-6,1.0396447670934753e-5,1.1396786223978961e-5,1.25679677091086e-5,1.3999498143284354e-5,1.581312014055451e-5,1.8416599363115628e-5,2.2600285977919724e-5,0.00012702980804134802
5.374429935611833e-9,2.7076044066269135e-7,1.0928200089571778e-6,2.261372155189036e-6,3.204019776945919e-6,4.009652662428621e-6,4.8152533356590985e-6,5.572169064630489e-6,6.315751161773063e-6,7.089425838111944e-6,7.86407232665458e-6,8.653215655208423e-6,9.49209617080264e-6,1.0408658629255265e-5,1.1405899433391212e-5,1.25096553134232e-5,1.3802714418232322e-5,1.5384245637866093e-5,1.738930980300038e-5,2.02698946825675e-5,2.4903310185785923e-5,0.00014192443813789554
5.778873840386055e-9,2.929369944047181e-7,1.186985546634194e-6,2.462182467880265e-6,3.4928655876726833e-6,4.374818160524788e-6,5.257599172937967e-6,6.087745505022486e-6,6.903895669312641e-6,7.753697591338527e-6,8.605167475463862e-6,9.473153307750128e-6,1.0396447670934753e-5,1.1405899433391212e-5,1.2504923932251166e-5,1.372212818465726e-5,1.5149045138755662e-5,1.6895532078710376e-5,1.911141817844185e-5,2.2297646715497784e-5,2.7428062589063715e-5,0.0001586579135819794
6.219973764903232e-9,3.172220625909465e-7,1.2903934191811737e-6,2.6830966791243585e-6,3.8109330330577385e-6,4.777202100285709e-6,5.745332198404907e-6,6.656533866525245e-6,7.553077397837556e-6,8.487293361629367e-6,9.424031123134933e-6,1.0379611765129936e-5,1.1396786223978961e-5,1.25096553134232e-5,1.372212818465726e-5,1.5065931528635452e-5,1.6642409239561097e-5,1.8573452485974623e-5,2.102556178584795e-5,2.4554845868262355e-5,3.0244253708562514e-5,0.00017781178634541768
6.729183668618953e-9,3.453710017130221e-7,1.410588468240562e-6,2.9403300870618076e-6,4.181644109915637e-6,5.2465047641466345e-6,6.314529348000635e-6,7.320686815215449e-6,8.311494751459111e-6,9.34478169353994e-6,1.0381690320684634e-5,1.144027869370772e-5,1.25679677091086e-5,1.3802714418232322e-5,1.5149045138755662e-5,1.6642409239561097e-5,1.8395810024072756e-5,2.054549435444315e-5,2.3277907964509785e-5,2.7215029409428485e-5,3.357050745520941e-5,0.00020107634788534256
7.342558207434829e-9,3.79421384145065e-7,1.5564025755887749e-6,3.2529643444173614e-6,4.63263832692023e-6,5.817844557506993e-6,7.007926025177447e-6,8.130216344351703e-6,9.23641893244394e-6,1.0391102858233845e-5,1.1550882463790402e-5,1.2735955592013046e-5,1.3999498143284354e-5,1.5384245637866093e-5,1.6895532078710376e-5,1.8573452485974623e-5,2.054549435444315e-5,2.2965814841325125e-5,2.604582465550085e-5,3.0489768674022046e-5,3.767513512811241e-5,0.0002306959574587002
8.107695110156909e-9,4.220873462556703e-7,1.7396702229596102e-6,3.6466629512847315e-6,5.201161566675336e-6,6.538611808131304e-6,7.883264238107054e-6,9.152771778995036e-6,1.040540077785875e-5,1.1714288056099852e-5,1.3030315438660154e-5,1.4376415432144866e-5,1.581312014055451e-5,1.738930980300038e-5,1.911141817844185e-5,2.102556178584795e-5,2.3277907964509785e-5,2.604582465550085e-5,2.957319923132852e-5,3.467102926668473e-5,4.293031630632037e-5,0.00026998592550548804
9.187115005937603e-9,4.825830293599624e-7,2.0004151330131016e-6,4.208013111728039e-6,6.012721555916589e-6,7.5683543065843e-6,9.134783934899583e-6,1.061575621599856e-5,1.2078948070040863e-5,1.360984169906022e-5,1.5151098989616445e-5,1.6729618240510143e-5,1.8416599363115628e-5,2.02698946825675e-5,2.2297646715497784e-5,2.4554845868262355e-5,2.7215029409428485e-5,3.0489768674022046e-5,3.467102926668473e-5,4.0727403553450895e-5,5.05667283105948e-5,0.00032954258056474265
1.0885908090694249e-8,5.783721947068146e-7,2.4149772829215707e-6,5.102820014778206e-6,7.308153938600738e-6,9.213684613263647e-6,1.1136273571811658e-5,1.295730117287843e-5,1.475954770260591e-5,1.6648424313657392e-5,1.8553404786305783e-5,2.050784048487319e-5,2.2600285977919724e-5,2.4903310185785923e-5,2.7428062589063715e-5,3.0244253708562514e-5,3.357050745520941e-5,3.767513512811241e-5,4.293031630632037e-5,5.05667283105948e-5,6.302265007039752e-5,0.00043198540997153515
4.1932140388983866e-8,2.5224854565001176e-6,1.137824671463458e-5,2.518596664993006e-5,3.694715390972837e-5,4.7370211507893606e-5,5.81159231773285e-5,6.850155732613321e-5,7.898098351398543e-5,9.01849206426059e-5,0.00010172011465230913,0.00011380593508965043,0.00012702980804134802,0.00014192443813789554,0.0001586579135819794,0.00017781178634541768,0.00020107634788534256,0.0002306959574587002,0.00026998592550548804,0.00032954258056474265,0.00043198540997153515,0.0054403628079836555
6.22951355489366e-10,6.271425750586517e-9,1.5478827093397546e-8,2.5299926585421578e-8,3.221463234766616e-8,3.7718708185459334e-8,4.295588702719503e-8,4.768684647970829e-8,5.2188526490098616e-8,5.674365484137446e-8,6.11924032559825e-8,6.562496956527767e-8,7.0241205313306e-8,7.518650995187417e-8,8.04652817861654e-8,8.620022952628535e-8,9.279433093991592e-8,1.0070334932545769e-7,1.1052275048548536e-7,1.2429930957026186e-7,1.45831381127539e-7,4.891355343915133e-7
6.271425750586517e-9,9.179550083266914e-8,2.54721629728611e-7,4.3920153578671343e-7,5.726666830575293e-7,6.803768388611697e-7,7.838284207347261e-7,8.779586581479078e-7,9.680419382736676e-7,1.0596431263856962e-6,1.1494913222189424e-6,1.2393521266835924e-6,1.3332603515592843e-6,1.4341931447888965e-6,1.542271384694182e-6,1.6600464364647662e-6,1.7958765812830794e-6,1.959306804721003e-6,2.1628949116563806e-6,2.449612505453908e-6,2.8998008706796124e-6,1.0784876345679455e-5
1.5478827093397546e-8,2.54721629728611e-7,7.384854452274969e-7,1.3006394277275493e-6,1.7122731038977582e-6,2.0465180107805063e-6,2.3688917128344616e-6,2.6631652148606706e-6,2.945506638263625e-6,3.233232539988504e-6,3.515992501773335e-6,3.7992669897325134e-6,4.095753534198142e-6,4.414879909689042e-6,4.757072979038184e-6,5.130466405055238e-6,5.561675562397214e-6,6.081221901518791e-6,6.729380645824387e-6,7.64370544029265e-6,9.082191514796162e-6,3.523385093608489e-5
2.5299926585421578e-8,4.3920153578671343e-7,1.3006394277275493e-6,2.315854068292039e-6,3.0644641210225826e-6,3.674564927073044e-6,4.264485039654252e-6,4.804041053124341e-6,5.322527835720302e-6,5.851610132102179e-6,6.372172721696798e-6,6.8942217762789315e-6,7.441135132345894e-6,8.030337690471825e-6,8.662670045981159e-6,9.353227227225967e-6,1.0151366370453167e-5,1.1113833641020515e-5,1.2315646570926961e-5,1.401271379760876e-5,1.6685954623507397e-5,6.636482710318441e-5
3.221463234766616e-8,5.726666830575293e-7,1.7122731038977582e-6,3.0644641210225826e-6,4.065212829343264e-6,4.882449423562215e-6,5.673781115269086e-6,6.3983667000488386e-6,7.095286569432244e-6,7.80700297761352e-6,8.507741437516873e-6,9.210908354675804e-6,9.947976434492884e-6,1.0742457872195948e-5,1.1595529666770327e-5,1.2527609902893108e-5,1.3605427959418235e-5,1.4905820055686482e-5,1.6530472904133878e-5,1.8826028371474867e-5,2.2444676067645264e-5,9.055553698635798e-5
3.7718708185459334e-8,6.803768388611697e-7,2.0465180107805063e-6,3.674564927073044e-6,4.882449423562215e-6,5.87025296686483e-6,6.827743268254152e-6,7.705206302934856e-6,8.54974098391366e-6,9.412717615858047e-6,1.0262831363260555e-5,1.1116290432672591e-5,1.2011281707440203e-5,1.2976383873003308e-5,1.4013069277666846e-5,1.5146202786006962e-5,1.6457012831101607e-5,1.803914216858443e-5,2.0016624947575385e-5,2.281205058901117e-5,2.7221226405006555e-5,0.00011102957690555932
4.295588702719503e-8,7.838284207347261e-7,2.3688917128344616e-6,4.264485039654252e-6,5.673781115269086e-6,6.827743268254152e-6,7.94734740419175e-6,8.974167415860071e-6,9.96308428504288e-6,1.0974163127100251e-5,1.197067270293718e-5,1.2971553025945415e-5,1.4021575348942197e-5,1.5154303507819125e-5,1.6371515828994444e-5,1.770246835570546e-5,1.9242692418478667e-5,2.1102447593009337e-5,2.3427899771527462e-5,2.6716771653239444e-5,3.1907199834867896e-5,0.00013150508165286545
4.768684647970829e-8,8.779586581479078e-7,2.6631652148606706e-6,4.804041053124341e-6,6.3983667000488386e-6,7.705206302934856e-6,8.974167415860071e-6,1.013876213861451e-5,1.1261011782879088e-5,1.2408998360677912e-5,1.354096629083718e-5,1.4678371902695088e-5,1.587208394290545e-5,1.716029849066076e-5,1.854509357333951e-5,2.005982062927118e-5,2.1813334777284114e-5,2.393141130537805e-5,2.6580916669416544e-5,3.0329769350399286e-5,3.624932668092806e-5,0.0001508510188329482
5.2188526490098616e-8,9.680419382736676e-7,2.945506638263625e-6,5.322527835720302e-6,7.095286569432244e-6,8.54974098391366e-6,9.96308428504288e-6,1.1261011782879088e-5,1.251242705918734e-5,1.37931697578619e-5,1.5056607885300969e-5,1.6326630438613643e-5,1.76600301846065e-5,1.9099518567002027e-5,2.064748147096465e-5,2.234127629176782e-5,2.430277703081981e-5,2.6672954840142078e-5,2.9638984009791943e-5,3.3837570774407584e-5,4.047086167578417e-5,0.00017002170924236486
5.674365484137446e-8,1.0596431263856962e-6,3.233232539988504e-6,5.851610132102179e-6,7.80700297761352e-6,9.412717615858047e-6,1.0974163127100251e-5,1.2408998360677912e-5,1.37931697578619e-5,1.5210486932382782e-5,1.6609297569020392e-5,1.8015988414319273e-5,1.9493459256554638e-5,2.1089092179067237e-5,2.28056083362544e-5,2.4684524979300398e-5,2.686121340278081e-5,2.9492438133118224e-5,3.27865159097811e-5,3.745168587676046e-5,4.482636146019101e-5,0.00019018703368618847
6.11924032559825e-8,1.1494913222189424e-6,3.515992501773335e-6,6.372172721696798e-6,8.507741437516873e-6,1.0262831363260555e-5,1.197067270293718e-5,1.354096629083718e-5,1.5056607885300969e-5,1.6609297569020392e-5,1.8142407203669726e-5,1.9684795453796683e-5,2.1305429224494533e-5,2.3056346683643413e-5,2.4940621051286517e-5,2.700393121865871e-5,2.9395133394111406e-5,3.228680907532641e-5,3.590848658064282e-5,4.1040087718703564e-5,4.9156843594976326e-5,0.00021063100631077072
6.562496956527767e-8,1.2393521266835924e-6,3.7992669897325134e-6,6.8942217762789315e-6,9.210908354675804e-6,1.1116290432672591e-5,1.2971553025945415e-5,1.4678371902695088e-5,1.6326630438613643e-5,1.8015988414319273e-5,1.9684795453796683e-5,2.1364404254122575e-5,2.312992157772833e-5,2.503811344666155e-5,2.7092428964122907e-5,2.9342788290522696e-5,3.1951768240534576e-5,3.510808247066417e-5,3.906293251246767e-5,4.466939573766147e-5,5.3542603129491896e-5,0.0002317372228351814
7.0241205313306e-8,1.3332603515592843e-6,4.095753534198142e-6,7.441135132345894e-6,9.947976434492884e-6,1.2011281707440203e-5,1.4021575348942197e-5,1.587208394290545e-5,1.76600301846065e-5,1.9493459256554638e-5,2.1305429224494533e-5,2.312992157772833e-5,2.5048533082186546e-5,2.7123041448928787e-5,2.9357316533340063e-5,3.1805792026629656e-5,3.464562291099259e-5,3.8082704240935674e-5,4.239136296998451e-5,4.8502639327442736e-5,5.818105277854784e-5,0.00025449449932319213
7.518650995187417e-8,1.4341931447888965e-6,4.414879909689042e-6,8.030337690471825e-6,1.0742457872195948e-5,1.2976383873003308e-5,1.5154303507819125e-5,1.716029849066076e-5,1.9099518567002027e-5,2.1089092179067237e-5,2.3056346683643413e-5,2.503811344666155e-5,2.7123041448928787e-5,2.937837652688925e-5,3.180846920869586e-5,3.447269551938051e-5,3.7564137365805425e-5,4.130751118496789e-5,4.600252226687754e-5,5.2665662322676065e-5,6.322552620989473e-5,0.0002797416019418628
8.04652817861654e-8,1.542271384694182e-6,4.757072979038184e-6,8.662670045981159e-6,1.1595529666770327e-5,1.4013069277666846e-5,1.6371515828994444e-5,1.854509357333951e-5,2.064748147096465e-5,2.28056083362544e-5,2.4940621051286517e-5,2.7092428964122907e-5,2.9357316533340063e-5,3.180846920869586e-5,3.4450790630665555e-5,3.734904528668494e-5,4.071365332367716e-5,4.478987148887691e-5,4.9905156570509695e-5,5.7169318533719605e-5,6.86905195612638e-5,0.0003076619289641421
8.620022952628535e-8,1.6600464364647662e-6,5.130466405055238e-6,9.353227227225967e-6,1.2527609902893108e-5,1.5146202786006962e-5,1.770246835570546e-5,2.005982062927118e-5,2.234127629176782e-5,2.4684524979300398e-5,2.700393121865871e-5,2.9342788290522696e-5,3.1805792026629656e-5,3.447269551938051e-5,3.734904528668494e-5,4.0505591447341894e-5,4.417195743790166e-5,4.861621705800548e-5,5.419671447782053e-5,6.212697820128149e-5,7.471520192191977e-5,0.00033910084955517594
9.279433093991592e-8,1.7958765812830794e-6,5.561675562397214e-6,1.0151366370453167e-5,1.3605427959418235e-5,1.6457012831101607e-5,1.9242692418478667e-5,2.1813334777284114e-5,2.430277703081981e-5,2.686121340278081e-5,2.9395133394111406e-5,3.1951768240534576e-5,3.464562291099259e-5,3.7564137365805425e-5,4.071365332367716e-5,4.417195743790166e-5,4.819120100993082e-5,5.3066295138661086e-5,5.919199596835062e-5,6.790392021275343e-5,8.174628568418173e-5,0.00037662314706621346
1.0070334932545769e-7,1.959306804721003e-6,6.081221901518791e-6,1.1113833641020515e-5,1.4905820055686482e-5,1.803914216858443e-5,2.1102447593009337e-5,2.393141130537805e-5,2.6672954840142078e-5,2.9492438133118224e-5,3.228680907532641e-5,3.510808247066417e-5,3.8082704240935674e-5,4.130751118496789e-5,4.478987148887691e-5,4.861621705800548e-5,5.3066295138661086e-5,5.846800015477569e-5,6.526093866777137e-5,7.493087528273722e-5,9.031306750159527e-5,0.0004234755270663181
1.1052275048548536e-7,2.1628949116563806e-6,6.729380645824387e-6,1.2315646570926961e-5,1.6530472904133878e-5,2.0016624947575385e-5,2.3427899771527462e-5,2.6580916669416544e-5,2.9638984009791943e-5,3.27865159097811e-5,3.590848658064282e-5,3.906293251246767e-5,4.239136296998451e-5,4.600252226687754e-5,4.9905156570509695e-5,5.419671447782053e-5,5.919199596835062e-5,6.526093866777137e-5,7.290047683939457e-5,8.378793664738747e-5,0.00010113100374472662,0.00048427558382216866
1.2429930957026186e-7,2.449612505453908e-6,7.64370544029265e-6,1.401271379760876e-5,1.8826028371474867e-5,2.281205058901117e-5,2.6716771653239444e-5,3.0329769350399286e-5,3.3837570774407584e-5,3.745168587676046e-5,4.1040087718703564e-5,4.466939573766147e-5,4.8502639327442736e-5,5.2665662322676065e-5,5.7169318533719605e-5,6.212697820128149e-5,6.790392021275343e-5,7.493087528273722e-5,8.378793664738747e-5,9.642973444199407e-5,0.00011660499467432967,0.0005740720626671227
1.45831381127539e-7,2.8998008706796124e-6,9.082191514796162e-6,1.6685954623507397e-5,2.2444676067645264e-5,2.7221226405006555e-5,3.1907199834867896e-5,3.624932668092806e-5,4.047086167578417e-5,4.482636146019101e-5,4.9156843594976326e-5,5.3542603129491896e-5,5.818105277854784e-5,6.322552620989473e-5,6.86905195612638e-5,7.471520192191977e-5,8.174628568418173e-5,9.031306750159527e-5,0.00010113100374472662,0.00011660499467432967,0.0001413662245096367,0.0007235844420380289
4.891355343915133e-7,1.0784876345679455e-5,3.523385093608489e-5,6.636482710318441e-5,9.055553698635798e-5,0.00011102957690555932,0.00013150508165286545,0.0001508510188329482,0.00017002170924236486,0.00019018703368618847,0.00021063100631077072,0.0002317372228351814,0.00025449449932319213,0.0002797416019418628,0.0003076619289641421,0.00033910084955517594,0.00037662314706621346,0.0004234755270663181,0.00048427558382216866,0.0005740720626671227,0.0007235844420380289,0.0062676785201956926
9.005798419297684e-9,6.06450149356135e-8,1.3476802401947444e-7,2.1017403569262936e-7,2.620842431914963e-7,3.029075657284471e-7,3.414145326179244e-7,3.759549247884524e-7,4.086300869612235e-7,4.415222555553836e-7,4.734950822959869e-7,5.052152786472254e-7,5.381166007901978e-7,5.732244912957946e-7,6.105542079454634e-7,6.50953599758454e-7,6.972215594974603e-7,7.524815687879662e-7,8.207731491129784e-7,9.1607255855611e-7,1.0640270144694113e-6,3.0856312093595534e-6
6.06450149356135e-8,4.7118688878452214e-7,1.1003810788558582e-6,1.7579707255294265e-6,2.2164791101282417e-6,2.5794289952327435e-6,2.9233210010069028e-6,3.2328607022366855e-6,3.5264931085429003e-6,3.82277537481543e-6,4.111376074078051e-6,4.398220559518957e-6,4.696243767958367e-6,5.0147599649731255e-6,5.353951521255157e-6,5.7215780954388565e-6,6.143230642806056e-6,6.647607737078832e-6,7.271957253129651e-6,8.144855813387707e-6,9.503153011395995e-6,2.9165641382309232e-5
1.3476802401947444e-7,1.1003810788558582e-6,2.622628209736895e-6,4.235566280245614e-6,5.367919714375315e-6,6.2674890199637175e-6,7.121927119208933e-6,7.89248972489791e-6,8.624571411463672e-6,9.364231053015357e-6,1.0085548107787063e-5,1.0803206295193545e-5,1.1549527461208158e-5,1.2347874478245036e-5,1.3198767482446934e-5,1.4121751743439022e-5,1.5181248792906155e-5,1.6449698271985976e-5,1.8021304384999477e-5,2.0220839664209445e-5,2.3647823736282678e-5,7.475617559871021e-5
2.1017403569262936e-7,1.7579707255294265e-6,4.235566280245614e-6,6.884137839622512e-6,8.752683323722394e-6,1.0241071253992092e-5,1.1657440203206896e-5,1.2936657171105265e-5,1.4153431929346324e-5,1.538406075225524e-5,1.658525819438467e-5,1.7781317828525015e-5,1.9026058982808143e-5,2.035849988592278e-5,2.1779594352300607e-5,2.3322092650756094e-5,2.5093885357094453e-5,2.7216549496780507e-5,2.98484342633671e-5,3.353490817253549e-5,3.9284372413274696e-5,0.00012697482325055794
2.620842431914963e-7,2.2164791101282417e-6,5.367919714375315e-6,8.752683323722394e-6,1.114747564331228e-5,1.3058230342673666e-5,1.4878722129472232e-5,1.6524514991965827e-5,1.8091198117424237e-5,1.967680050493201e-5,2.1225421417721185e-5,2.2768248640453888e-5,2.437466685413534e-5,2.609508089738918e-5,2.793080043850986e-5,2.9924228064391747e-5,3.2214998964488286e-5,3.496068930986518e-5,3.836675228981321e-5,4.314030111372879e-5,5.059028639794351e-5,0.00016591334091241902
3.029075657284471e-7,2.5794289952327435e-6,6.2674890199637175e-6,1.0241071253992092e-5,1.3058230342673666e-5,1.5308816080135522e-5,1.7455100479393765e-5,1.9396906113907646e-5,2.12465351096046e-5,2.311953389235368e-5,2.494975214747345e-5,2.6773926327050147e-5,2.867406051497227e-5,3.070982655835234e-5,3.2882853044301966e-5,3.5243431048423275e-5,3.7957116316571076e-5,4.121095974132925e-5,4.524905780818069e-5,5.091104379161033e-5,5.9752638449772054e-5,0.00019827302786998527
3.414145326179244e-7,2.9233210010069028e-6,7.121927119208933e-6,1.1657440203206896e-5,1.4878722129472232e-5,1.7455100479393765e-5,1.991423835280875e-5,2.2140712731028616e-5,2.426278262415315e-5,2.6412818096694217e-5,2.8514761087580174e-5,3.061066943966119e-5,3.279472866377246e-5,3.513558844535436e-5,3.7635213837369966e-5,4.03515679550573e-5,4.347539216289008e-5,4.7222450109616506e-5,5.187455140580822e-5,5.840050352984802e-5,6.859704734539889e-5,0.00023023535853060537
3.759549247884524e-7,3.2328607022366855e-6,7.89248972489791e-6,1.2936657171105265e-5,1.6524514991965827e-5,1.9396906113907646e-5,2.2140712731028616e-5,2.4626549334869877e-5,2.6997125778247866e-5,2.9400125674383548e-5,3.175042351849776e-5,3.409491422600654e-5,3.65389227771916e-5,3.9159336878928727e-5,4.195845570545036e-5,4.50013085781202e-5,4.850181152704201e-5,5.270221350890708e-5,5.791917346702319e-5,6.524072424957555e-5,7.6686493055143e-5,0.0002601121540912998
4.086300869612235e-7,3.5264931085429003e-6,8.624571411463672e-6,1.4153431929346324e-5,1.8091198117424237e-5,2.12465351096046e-5,2.426278262415315e-5,2.6997125778247866e-5,2.9606052694050364e-5,3.22519113078898e-5,3.484085523472296e-5,3.742440570698692e-5,4.011859837448864e-5,4.30082665568474e-5,4.6096055583192705e-5,4.945383438194058e-5,5.331792892355638e-5,5.7956258304437144e-5,6.371931552315497e-5,7.181075542492366e-5,8.446674778989563e-5,0.0002894300651490775
4.415222555553836e-7,3.82277537481543e-6,9.364231053015357e-6,1.538406075225524e-5,1.967680050493201e-5,2.311953389235368e-5,2.6412818096694217e-5,2.9400125674383548e-5,3.22519113078898e-5,3.514544784558867e-5,3.797797815702116e-5,4.0805730383828924e-5,4.375567961459882e-5,4.692079903731056e-5,5.030411346259092e-5,5.3984523688087216e-5,5.822137141380864e-5,6.330899828549626e-5,6.96327822388363e-5,7.851545685226944e-5,9.241660732473413e-5,0.00031997223588214484
4.734950822959869e-7,4.111376074078051e-6,1.0085548107787063e-5,1.658525819438467e-5,2.1225421417721185e-5,2.494975214747345e-5,2.8514761087580174e-5,3.175042351849776e-5,3.484085523472296e-5,3.797797815702116e-5,4.1050269805856e-5,4.411856854351474e-5,4.732062689594489e-5,5.0757461860444694e-5,5.443249693262783e-5,5.843160324160683e-5,6.30369137773545e-5,6.856899311115286e-5,7.544789541199536e-5,8.511459342203697e-5,0.00010025089561768525,0.00035063771619318174
5.052152786472254e-7,4.398220559518957e-6,1.0803206295193545e-5,1.7781317828525015e-5,2.2768248640453888e-5,2.6773926327050147e-5,3.061066943966119e-5,3.409491422600654e-5,3.742440570698692e-5,4.0805730383828924e-5,4.411856854351474e-5,4.74283755459125e-5,5.08837210714945e-5,5.4593726524340537e-5,5.856223982341862e-5,6.288217352583643e-5,6.785865913295159e-5,7.38387786670001e-5,8.127770578132694e-5,9.173604050080783e-5,0.00010812080001968795,0.0003819939523978287
5.381166007901978e-7,4.696243767958367e-6,1.1549527461208158e-5,1.9026058982808143e-5,2.437466685413534e-5,2.867406051497227e-5,3.279472866377246e-5,3.65389227771916e-5,4.011859837448864e-5,4.375567961459882e-5,4.732062689594489e-5,5.08837210714945e-5,5.460488803202455e-5,5.8601766747505396e-5,6.28786804347288e-5,6.753597233350932e-5,7.290301557360269e-5,7.935490121387257e-5,8.738395255913395e-5,9.867718443297653e-5,0.00011637999174468824,0.00041547509686177446
5.732244912957946e-7,5.0147599649731255e-6,1.2347874478245036e-5,2.035849988592278e-5,2.609508089738918e-5,3.070982655835234e-5,3.513558844535436e-5,3.9159336878928727e-5,4.30082665568474e-5,4.692079903731056e-5,5.0757461860444694e-5,5.4593726524340537e-5,5.8601766747505396e-5,6.290844265808826e-5,6.751861909249634e-5,7.254070363743305e-5,7.833034640009149e-5,8.52930635214027e-5,9.396159244533741e-5,0.00010616033242331506,0.00012529417164967532,0.00045224378509166866
6.105542079454634e-7,5.353951521255157e-6,1.3198767482446934e-5,2.1779594352300607e-5,2.793080043850986e-5,3.2882853044301966e-5,3.7635213837369966e-5,4.195845570545036e-5,4.6096055583192705e-5,5.030411346259092e-5,5.443249693262783e-5,5.856223982341862e-5,6.28786804347288e-5,6.751861909249634e-5,7.248753726364027e-5,7.790256260532784e-5,8.414772116400568e-5,9.166145446092189e-5,0.00010102030207588002,0.00011419740861084415,0.00013487909026022347,0.0004924761854304568
6.50953599758454e-7,5.7215780954388565e-6,1.4121751743439022e-5,2.3322092650756094e-5,2.9924228064391747e-5,3.5243431048423275e-5,4.03515679550573e-5,4.50013085781202e-5,4.945383438194058e-5,5.3984523688087216e-5,5.843160324160683e-5,6.288217352583643e-5,6.753597233350932e-5,7.254070363743305e-5,7.790256260532784e-5,8.374827311789494e-5,9.049304360045044e-5,9.861157431524468e-5,0.0001087287176905106,0.00012298150279831758,0.00014536685176792262,0.0005372794568462477
6.972215594974603e-7,6.143230642806056e-6,1.5181248792906155e-5,2.5093885357094453e-5,3.2214998964488286e-5,3.7957116316571076e-5,4.347539216289008e-5,4.850181152704201e-5,5.331792892355638e-5,5.822137141380864e-5,6.30369137773545e-5,6.785865913295159e-5,7.290301557360269e-5,7.833034640009149e-5,8.414772116400568e-5,9.049304360045044e-5,9.781779631341794e-5,0.0001066389442581948,0.00011763775994218454,0.00013314242160667456,0.0001575127856942251,0.0005901202532339103
7.524815687879662e-7,6.647607737078832e-6,1.6449698271985976e-5,2.7216549496780507e-5,3.496068930986518e-5,4.121095974132925e-5,4.7222450109616506e-5,5.270221350890708e-5,5.7956258304437144e-5,6.330899828549626e-5,6.856899311115286e-5,7.38387786670001e-5,7.935490121387257e-5,8.52930635214027e-5,9.166145446092189e-5,9.861157431524468e-5,0.0001066389442581948,0.00011631197856106508,0.00012838072328599738,0.00014540612614712955,0.00017219084729858952,0.0006552388478327594
