x1,x2,x3,x4,x5,x6
2.4129364255875803e-7,3.781979996032087e-7,5.916707979522709e-7,8.926315519506839e-7,1.3048705932457051e-6,6.5491592275336286e-6
3.781979996032087e-7,6.625273801273953e-7,1.1583358584924095e-6,1.9108222486170197e-6,2.9904917383707585e-6,1.9994749230218853e-5
5.916707979522709e-7,1.1583358584924095e-6,2.25390694460566e-6,4.033752416240141e-6,6.69413041080841e-6,5.54955300423748e-5
8.926315519506839e-7,1.9108222486170197e-6,4.033752416240141e-6,7.669599548067004e-6,1.3283267588647666e-5,0.0001281024975987224
1.3048705932457051e-6,2.9904917383707585e-6,6.69413041080841e-6,1.3283267588647666e-5,2.371169745259849e-5,0.0002553232923219536
6.5491592275336286e-6,1.9994749230218853e-5,5.54955300423748e-5,0.0001281024975987224,0.0002553232923219536,0.004492690484538431
2.8925994351556914e-7,4.294109943864556e-7,6.395821949662469e-7,9.302726532182374e-7,1.3252388635305582e-6,6.153063997425317e-6
4.294109943864556e-7,6.939244685385012e-7,1.1365025136983591e-6,1.7992218484672972e-6,2.7488512183173938e-6,1.771967313425686e-5
6.395821949662469e-7,1.1365025136983591e-6,2.0660247129903095e-6,3.573253468423279e-6,5.844728704862722e-6,4.9004721861761386e-5
9.302726532182374e-7,1.7992218484672972e-6,3.573253468423279e-6,6.644329517736931e-6,1.1471945618908414e-5,0.00011644220086906377
1.3252388635305582e-6,2.7488512183173938e-6,5.844728704862722e-6,1.1471945618908414e-5,2.061915412919409e-5,0.0002411529452277469
6.153063997425317e-6,1.771967313425686e-5,4.9004721861761386e-5,0.00011644220086906377,0.0002411529452277469,0.004940250493288553
1.845345257523325e-7,2.7745278926058925e-7,4.174759891578816e-7,6.128305456941448e-7,8.812341591719028e-7,4.436493311663e-6
2.7745278926058925e-7,4.515971125119942e-7,7.427116958070036e-7,1.1820941401382125e-6,1.8197911107219299e-6,1.2646160737268995e-5
4.174759891578816e-7,7.427116958070036e-7,1.3513138120910694e-6,2.352598296851143e-6,3.891845398094324e-6,3.588579969527668e-5
6.128305456941448e-7,1.1820941401382125e-6,2.352598296851143e-6,4.432760995704616e-6,7.804806478220862e-6,9.002280012520189e-5
8.812341591719028e-7,1.8197911107219299e-6,3.891845398094324e-6,7.804806478220862e-6,1.4440856784906874e-5,0.000198675798657171
4.436493311663e-6,1.2646160737268995e-5,3.588579969527668e-5,9.002280012520189e-5,0.000198675798657171,0.0053894508956686
3.4243399798415144e-8,6.664835254989139e-8,1.2138295865246337e-7,2.040402137730467e-7,3.24331126828493e-7,2.458715620276089e-6
6.664835254989139e-8,1.4017885542661254e-7,2.746393859237575e-7,4.898486804330898e-7,8.157929781403116e-7,7.494691609163447e-6
1.2138295865246337e-7,2.746393859237575e-7,5.819392137333211e-7,1.1123141718595144e-6,1.958722878932394e-6,2.2395259495362808e-5
2.040402137730467e-7,4.898486804330898e-7,1.1123141718595144e-6,2.27512057751123e-6,4.2440443660589736e-6,6.041888997141543e-5
3.24331126828493e-7,8.157929781403116e-7,1.958722878932394e-6,4.2440443660589736e-6,8.338244077052257e-6,0.00014479702075017656
2.458715620276089e-6,7.494691609163447e-6,2.2395259495362808e-5,6.041888997141543e-5,0.00014479702075017656,0.005814826381422182
1.2969367299424959e-8,2.86430646336955e-8,5.6615143369215915e-8,1.005221747997245e-7,1.6636600655909534e-7,1.5142157596922471e-6
2.86430646336955e-8,6.764402894767841e-8,1.419670963821851e-7,2.643165171741129e-7,4.5391183573405406e-7,4.785467611417633e-6
5.6615143369215915e-8,1.419670963821851e-7,3.1787409292240823e-7,6.277193260965786e-7,1.131821363327574e-6,1.4497368471194829e-5
1.005221747997245e-7,2.643165171741129e-7,6.277193260965786e-7,1.3210192037910367e-6,2.5239429593850453e-6,4.074768097928062e-5
1.6636600655909534e-7,4.5391183573405406e-7,1.131821363327574e-6,2.5239429593850453e-6,5.1080262082147e-6,0.00010425750453255687
1.5142157596922471e-6,4.785467611417633e-6,1.4497368471194829e-5,4.074768097928062e-5,0.00010425750453255687,0.006188609458110063
1.5582396183082288e-8,3.090167926014825e-8,5.690233889610752e-8,9.65320614179456e-8,1.5500244032191123e-7,1.3107529660745182e-6
3.090167926014825e-8,6.536831275316411e-8,1.2793461411153782e-7,2.2830473258906955e-7,3.8193109891541735e-7,3.844968148132838e-6
5.690233889610752e-8,1.2793461411153782e-7,2.677418445088918e-7,5.084816203490925e-7,8.967310593289654e-7,1.1236612102324915e-5
9.65320614179456e-8,2.2830473258906955e-7,5.084816203490925e-7,1.0326464836796705e-6,1.9379928485742763e-6,3.13752111321746e-5
1.5500244032191123e-7,3.8193109891541735e-7,8.967310593289654e-7,1.9379928485742763e-6,3.876922357347951e-6,8.242310408677439e-5
1.3107529660745182e-6,3.844968148132838e-6,1.1236612102324915e-5,3.13752111321746e-5,8.242310408677439e-5,0.006342433482016588
2.201441186915086e-8,4.1694493487155704e-8,7.435151145667451e-8,1.233765015992902e-7,1.949260981031839e-7,1.5401848720768893e-6
4.1694493487155704e-8,8.409043022499575e-8,1.592780712201788e-7,2.7809255881107437e-7,4.580523577113043e-7,4.340218043420903e-6
7.435151145667451e-8,1.592780712201788e-7,3.22342697934707e-7,5.985281445997645e-7,1.038862537883281e-6,1.2272110233575428e-5
1.233765015992902e-7,2.7809255881107437e-7,5.985281445997645e-7,1.1865663252321433e-6,2.188403166228668e-6,3.332409602934149e-5
1.949260981031839e-7,4.580523577113043e-7,1.038862537883281e-6,2.188403166228668e-6,4.2954421972181526e-6,8.573748853700935e-5
1.5401848720768893e-6,4.340218043420903e-6,1.2272110233575428e-5,3.332409602934149e-5,8.573748853700935e-5,0.006086670870934909
2.59572528709875e-8,5.3916528419309076e-8,1.0227388874599781e-7,1.7650562564687874e-7,2.8579341853069296e-7,2.3216755970010656e-6
5.3916528419309076e-8,1.1938287784535374e-7,2.4004159244064536e-7,4.3407491271959705e-7,7.289887562133043e-7,6.872691511954801e-6
1.0227388874599781e-7,2.4004159244064536e-7,5.135265750543177e-7,9.81799253298747e-7,1.7258346381690813e-6,1.9568677954727916e-5
1.7650562564687874e-7,4.3407491271959705e-7,9.81799253298747e-7,1.9891282435261623e-6,3.682867468916088e-6,5.164158922869511e-5
2.8579341853069296e-7,7.289887562133043e-7,1.7258346381690813e-6,3.682867468916088e-6,7.173731638860693e-6,0.00012456295043973502
2.3216755970010656e-6,6.872691511954801e-6,1.9568677954727916e-5,5.164158922869511e-5,0.00012456295043973502,0.005630787173313314
9.736334598146572e-8,1.7666595117468414e-7,3.0583038825937426e-7,4.950149736930167e-7,7.628564210776259e-7,4.862460880480086e-6
1.7666595117468414e-7,3.4565711150630456e-7,6.423965919476025e-7,1.1011981211479635e-6,1.7747018721150018e-6,1.3683616171621487e-5
3.0583038825937426e-7,6.423965919476025e-7,1.2848262894197033e-6,2.3451198948114133e-6,3.971003520517535e-6,3.73675844115796e-5
4.950149736930167e-7,1.1011981211479635e-6,2.3451198948114133e-6,4.5347599624200695e-6,8.050084897928759e-6,9.128636166434593e-5
7.628564210776259e-7,1.7747018721150018e-6,3.971003520517535e-6,8.050084897928759e-6,1.487785779579709e-5,0.0001981824454263258
4.862460880480086e-6,1.3683616171621487e-5,3.73675844115796e-5,9.128636166434593e-5,0.0001981824454263258,0.005209015041693054
4.835289832499692e-7,7.25721100054896e-7,1.0847614283125054e-6,1.5753275558755514e-6,2.2350304591395e-6,9.851652555518537e-6
7.25721100054896e-7,1.1675406672628454e-6,1.8806436469143235e-6,2.917503352456638e-6,4.372074236734981e-6,2.5315852339517122e-5
1.0847614283125054e-6,1.8806436469143235e-6,3.2855537214551367e-6,5.467255041862267e-6,8.662183443374341e-6,6.365246496692577e-5
1.5753275558755514e-6,2.917503352456638e-6,5.467255041862267e-6,9.657188708817133e-6,1.6026899807726642e-5,0.00014147533841417424
2.2350304591395e-6,4.372074236734981e-6,8.662183443374341e-6,1.6026899807726642e-5,2.7567464346765356e-5,0.0002797087695128244
9.851652555518537e-6,2.5315852339517122e-5,6.365246496692577e-5,0.00014147533841417424,0.0002797087695128244,0.005083820481543136
4.4868301310529645e-7,7.122148521316915e-7,1.1152028999488022e-6,1.6753986468918857e-6,2.4358906147821742e-6,1.1711915102163278e-5
7.122148521316915e-7,1.2263626757279497e-6,2.0785199442778404e-6,3.330702702784399e-6,5.093506079085877e-6,3.08455029006994e-5
1.1152028999488022e-6,2.0785199442778404e-6,3.8060930743247265e-6,6.4888419702002005e-6,1.040051723578388e-5,7.645827507015149e-5
1.6753986468918857e-6,3.330702702784399e-6,6.4888419702002005e-6,1.1623586604364937e-5,1.933665485616589e-5,0.0001647995653688382
2.4358906147821742e-6,5.093506079085877e-6,1.040051723578388e-5,1.933665485616589e-5,3.308334181729997e-5,0.00031560597524493434
1.1711915102163278e-5,3.08455029006994e-5,7.645827507015149e-5,0.0001647995653688382,0.00031560597524493434,0.005044623586764921
3.7304978411485537e-7,5.982764594626218e-7,9.461252796713737e-7,1.4331118626973746e-6,2.097556474532062e-6,1.0454078227550104e-5
5.982764594626218e-7,1.0474783209426118e-6,1.8025985041426674e-6,2.9226944401814422e-6,4.5095278410879215e-6,2.8431465216320358e-5
9.461252796713737e-7,1.8025985041426674e-6,3.3653862963852736e-6,5.819552168688022e-6,9.423885789106235e-6,7.222931968877936e-5
1.4331118626973746e-6,2.9226944401814422e-6,5.819552168688022e-6,1.0588211695964375e-5,1.7808557335896075e-5,0.00015837879467622126
2.097556474532062e-6,4.5095278410879215e-6,9.423885789106235e-6,1.7808557335896075e-5,3.081783130108114e-5,0.0003071441302873999
1.0454078227550104e-5,2.8431465216320358e-5,7.222931968877936e-5,0.00015837879467622126,0.0003071441302873999,0.005203340911897793
4.5220920355133323e-7,6.651508911589151e-7,9.791669570040797e-7,1.406750790144393e-6,1.9804812239954807e-6,8.52911359080504e-6
6.651508911589151e-7,1.0541185531880215e-6,1.6867953664412783e-6,2.611932216556936e-6,3.91469587340574e-6,2.307882726898703e-5
9.791669570040797e-7,1.6867953664412783e-6,2.9606796949872623e-6,4.963802908983617e-6,7.919446207916336e-6,6.054213493072522e-5
1.406750790144393e-6,2.611932216556936e-6,4.963802908983617e-6,8.889854831801872e-6,1.4911620430178335e-5,0.00013786204711894234
1.9804812239954807e-6,3.91469587340574e-6,7.919446207916336e-6,1.4911620430178335e-5,2.5968310240397855e-5,0.0002763343817082322
8.52911359080504e-6,2.307882726898703e-5,6.054213493072522e-5,0.00013786204711894234,0.0002763343817082322,0.005327176490027515
4.010720820523378e-7,5.765828357533291e-7,8.311225262137559e-7,1.1745317533304064e-6,1.6331952207463016e-6,6.7229831499966296e-6
5.765828357533291e-7,8.856964869976544e-7,1.3819480909001623e-6,2.105160056839815e-6,3.1244229117724537e-6,1.820290119673912e-5
8.311225262137559e-7,1.3819480909001623e-6,2.371549341775404e-6,3.939547512142753e-6,6.27391952908285e-6,4.9302147568066866e-5
1.1745317533304064e-6,2.105160056839815e-6,3.939547512142753e-6,7.059591921479404e-6,1.1926130483742632e-5,0.00011687653164222053
1.6331952207463016e-6,3.1244229117724537e-6,6.27391952908285e-6,1.1926130483742632e-5,2.1074510817545484e-5,0.00024296467215936804
6.7229831499966296e-6,1.820290119673912e-5,4.9302147568066866e-5,0.00011687653164222053,0.00024296467215936804,0.005271564025793397
2.2512979976142276e-7,3.4131075830090303e-7,5.164997977736431e-7,7.599724872932725e-7,1.0924346150620246e-6,5.318943822343441e-6
3.4131075830090303e-7,5.600195476542263e-7,9.243932796038419e-7,1.469599400078997e-6,2.2526431846772903e-6,1.4874559539489622e-5
5.164997977736431e-7,9.243932796038419e-7,1.6816208754694595e-6,2.9106402816145563e-6,4.772634465838633e-6,4.13166792556315e-5
7.599724872932725e-7,1.469599400078997e-6,2.9106402816145563e-6,5.424562273365596e-6,9.423207599685405e-6,0.00010097434319147301
1.0924346150620246e-6,2.2526431846772903e-6,4.772634465838633e-6,9.423207599685405e-6,1.7125981472802285e-5,0.0002163384770025145
5.318943822343441e-6,1.4874559539489622e-5,4.13166792556315e-5,0.00010097434319147301,0.0002163384770025145,0.005189029710552567
1.0883854084002258e-7,1.8727803083503072e-7,3.1327708869821295e-7,4.963110475164692e-7,7.541543955885457e-7,4.612117967653887e-6
1.8727803083503072e-7,3.515635006336538e-7,6.393338769805681e-7,1.084178252352923e-6,1.7374427932836347e-6,1.3304792308693023e-5
3.1327708869821295e-7,6.393338769805681e-7,1.2662199148820428e-6,2.3068523770618108e-6,3.908764130345238e-6,3.7214386443523794e-5
4.963110475164692e-7,1.084178252352923e-6,2.3068523770618108e-6,4.478031206163551e-6,7.981548165805315e-6,9.206084291201854e-5
7.541543955885457e-7,1.7374427932836347e-6,3.908764130345238e-6,7.981548165805315e-6,1.4833641164026321e-5,0.00020087352675199452
4.612117967653887e-6,1.3304792308693023e-5,3.7214386443523794e-5,9.206084291201854e-5,0.00020087352675199452,0.005280029183781557
1.1578150695799223e-7,1.9916566293908302e-7,3.3231975912907207e-7,5.253791080883831e-7,7.975411083224983e-7,4.912003241335387e-6
1.9916566293908302e-7,3.7013897256297725e-7,6.653961498982919e-7,1.1188822740712673e-6,1.783849542305033e-6,1.3586532094582064e-5
3.3231975912907207e-7,6.653961498982919e-7,1.2920078825904191e-6,2.321535073125505e-6,3.9018245494189e-6,3.67535229508126e-5
5.253791080883831e-7,1.1188822740712673e-6,2.321535073125505e-6,4.431985570675644e-6,7.828964454067306e-6,8.961114024198405e-5
7.975411083224983e-7,1.783849542305033e-6,3.9018245494189e-6,7.828964454067306e-6,1.443177525087593e-5,0.0001956550649798119
4.912003241335387e-6,1.3586532094582064e-5,3.67535229508126e-5,8.961114024198405e-5,0.0001956550649798119,0.0054340978552305805
2.0799310129700977e-7,3.3704981528865965e-7,5.351168392233875e-7,8.147921657414638e-7,1.202550102413667e-6,6.649464201288981e-6
3.3704981528865965e-7,5.802453807535557e-7,9.792606173189493e-7,1.572549649550026e-6,2.426011718636083e-6,1.6573860007721106e-5
5.351168392233875e-7,9.792606173189493e-7,1.7651134290629957e-6,3.0083251827957097e-6,4.877070458827833e-6,4.1442567961237165e-5
8.147921657414638e-7,1.572549649550026e-6,3.0083251827957097e-6,5.426376482390971e-6,9.235298264571511e-6,9.631551711137246e-5
1.202550102413667e-6,2.426011718636083e-6,4.877070458827833e-6,9.235298264571511e-6,1.6411202772194315e-5,0.00020526287323571247
6.649464201288981e-6,1.6573860007721106e-5,4.1442567961237165e-5,9.631551711137246e-5,0.00020526287323571247,0.005612996759977615
4.4020567849992773e-7,6.569007723655982e-7,9.71715022960135e-7,1.3988827490633653e-6,1.9748064679999503e-6,8.918182475399975e-6
6.569007723655982e-7,1.024289227472112e-6,1.5902680097000085e-6,2.39625747592846e-6,3.5231146511528705e-6,2.000564446802008e-5
9.71715022960135e-7,1.5902680097000085e-6,2.6127819827920324e-6,4.16005251454342e-6,6.422803789910598e-6,4.660415919649617e-5
1.3988827490633653e-6,2.39625747592846e-6,4.16005251454342e-6,7.0027546244500056e-6,1.1366173603508763e-5,0.00010385834555767727
1.9748064679999503e-6,3.5231146511528705e-6,6.422803789910598e-6,1.1366173603508763e-5,1.9312080510482257e-5,0.00021610035160670032
8.918182475399975e-6,2.000564446802008e-5,4.660415919649617e-5,0.00010385834555767727,0.00021610035160670032,0.005658947894051505
5.23778231409883e-7,7.688970781666681e-7,1.1211887821558491e-6,1.5950162764408217e-6,2.2291243089353375e-6,9.47748436619675e-6
7.688970781666681e-7,1.1770908099107545e-6,1.7995378175778232e-6,2.6788176940471942e-6,3.8997343562862665e-6,2.102783364559168e-5
1.1211887821558491e-6,1.7995378175778232e-6,2.911167559591756e-6,4.581766214594288e-6,7.0096792442560365e-6,4.8700597225028374e-5
1.5950162764408217e-6,2.6788176940471942e-6,4.581766214594288e-6,7.629991828772379e-6,1.2279506429228379e-5,0.00010782991197586317
2.2291243089353375e-6,3.8997343562862665e-6,7.0096792442560365e-6,1.2279506429228379e-5,2.0689942015303122e-5,0.00022226386116757076
9.47748436619675e-6,2.102783364559168e-5,4.8700597225028374e-5,0.00010782991197586317,0.00022226386116757076,0.005442706882184684
3.4884603935898213e-7,5.232196833775987e-7,7.804615234387235e-7,1.132649812429878e-6,1.60878937833766e-6,7.311371145372815e-6
5.232196833775987e-7,8.3236214514802e-7,1.3250339705979267e-6,2.041351734787155e-6,3.0518781891283225e-6,1.8062855815058297e-5
7.804615234387235e-7,1.3250339705979267e-6,2.273099434593155e-6,3.752331860602163e-6,5.942486889312173e-6,4.542631015862601e-5
1.132649812429878e-6,2.041351734787155e-6,3.752331860602163e-6,6.607235321787957e-6,1.103859035689362e-5,0.00010481803966870213
1.60878937833766e-6,3.0518781891283225e-6,5.942486889312173e-6,1.103859035689362e-5,1.928151636786222e-5,0.00021803621690837907
7.311371145372815e-6,1.8062855815058297e-5,4.542631015862601e-5,0.00010481803966870213,0.00021803621690837907,0.0048675324975434395
2.2446102989403524e-7,3.376741274134077e-7,5.085317705719319e-7,7.450388106486761e-7,1.0657358052042247e-6,4.902219566242144e-6
3.376741274134077e-7,5.549053956195175e-7,9.216868333987679e-7,1.4713102181505241e-6,2.256354716916256e-6,1.430387612316788e-5
5.085317705719319e-7,9.216868333987679e-7,1.7064997495069955e-6,2.9846345027619576e-6,4.907063106534503e-6,4.0601033235183214e-5
7.450388106486761e-7,1.4713102181505241e-6,2.9846345027619576e-6,5.625709731067933e-6,9.775194243784706e-6,9.814954552881528e-5
1.0657358052042247e-6,2.256354716916256e-6,4.907063106534503e-6,9.775194243784706e-6,1.7687456764653924e-5,0.00020411186027450505
4.902219566242144e-6,1.430387612316788e-5,4.0601033235183214e-5,9.814954552881528e-5,0.00020411186027450505,0.003917098265455401
